54491
54955
54863
55083
54980
54807
55072
54997
55531
55019
54524
54637
54741
54942
55021
54928
55179
54919
55034
55565
55280
55216
55547
55358
55415
55315
55075
55110
54828
54917
55525
55089
55231
55242
55163
55218
55196
54779
55287
55190
55305
55446
54949
55070
54653
55182
55039
54879
55254
54805
55095
55387
55294
55276
55338
54786
55105
55190
55205
54942
55427
55374
55136
55493
55093
54891
55152
55065
55100
55247
55056
55300
55059
55011
55004
55033
54977
55112
55106
55136
55063
55339
54921
54776
55039
55390
54945
55387
54921
55101
55514
55551
54863
55108
55442
54735
55653
54854
55265
55458
55434
55148
55302
54790
55342
54944
54954
55173
55031
55311
55259
55022
55241
55634
55329
55267
55152
54993
55370
55345
55474
55382
55315
55345
55072
55170
55343
55333
55031
55184
55181
55283
54961
54962
54971
55393
54659
55356
55150
55658
55410
54972
55738
55470
55267
55076
55634
55299
55513
55372
55281
54942
55050
54867
55084
55468
54821
55481
55887
55467
54990
55318
55185
55395
55256
55199
55042
55438
55399
55397
55419
55486
55255
55213
55311
55214
55064
55537
55194
55325
55125
55017
54970
55248
54721
55326
55549
55163
55359
54726
55346
55365
55188
54968
55406
55715
55252
55796
54899
55256
55291
55410
54861
55500
55603
55622
55780
55093
55083
55418
55183
54992
55299
55590
55153
55278
55435
55321
55472
55184
55412
55279
55180
54939
55230
54664
55046
55222
55200
55169
54733
55598
54941
55442
55431
55269
55502
55023
55305
55375
54666
55155
55164
54988
54668
54952
54612
54410
54385
54308
54221
53525
53372
53037
51905
51500
50160
49431
48461
48143
48170
48975
50055
51102
51916
52608
52826
53704
53403
54378
54643
54544
54943
55003
55222
54817
55037
55061
54888
55207
55230
55146
54976
55716
55174
55153
55525
55558
55417
55436
55244
55569
55945
54950
55589
55294
55708
55420
55146
55084
55774
55452
55432
55647
55008
55371
55472
55406
55785
55151
55320
55668
55599
55526
55675
55115
55242
55489
55345
55642
55699
55692
55847
55638
55738
55130
55186
55524
55141
55262
55709
55677
55727
55686
55485
55653
56115
55707
55255
55469
55495
55853
55108
55146
55429
55536
55560
55605
55744
55700
55304
55445
55601
55745
55891
55371
55562
55698
55402
55622
55530
56058
55972
55665
55138
55789
55334
55433
55700
55898
55249
55614
55596
55461
55706
55510
55770
55344
55741
55966
55495
55518
55113
55420
55568
55573
55308
55852
55627
55515
55439
55753
55821
55442
55739
55489
56034
55801
55838
55999
55379
55187
55394
55645
55486
55756
55863
55323
55628
56043
55530
56123
56006
55733
55703
55036
55742
55789
55799
55523
55834
55870
56010
55902
55411
55783
55782
55191
55691
55678
55284
56044
56071
56079
55700
55483
55644
56199
55414
55603
55731
55226
55658
55674
55882
55922
56035
55759
55536
55798
55679
55461
55825
55644
55570
55505
55513
55871
55849
55523
56114
55783
55585
55290
55825
55582
55098
56068
55976
55936
55960
56001
56130
55544
55651
55660
55210
55799
55455
56124
55589
55707
55624
55387
55823
55886
55748
55576
56080
55502
56064
55581
55768
55642
55767
55875
55831
55325
55772
55797
55828
55623
55849
55863
55832
55907
55544
55791
55741
55406
55700
54980
55521
55593
55702
56174
55565
55660
55554
55528
55248
55808
55213
55087
55714
55433
55400
55913
55486
55555
55385
55651
55704
55350
55449
56008
55259
55337
55922
55862
55528
55988
55978
55692
55681
55680
55742
55180
55517
55620
55838
55793
55218
55590
55179
55360
55750
55569
55613
55649
55229
55468
55746
55585
55726
55411
55735
55385
55330
55284
55765
55252
55257
55658
55539
55579
55568
55752
55370
55672
55492
55515
55592
55691
55377
54962
55472
55388
55326
55524
55488
55451
55928
55157
55242
55425
55386
55354
55425
55708
55637
55563
55836
55109
55614
55188
55334
55281
55658
55485
55288
56000
55344
55417
55573
55520
55676
55358
55112
55438
55279
55191
55851
55699
55596
55256
55588
55330
55592
55757
55407
55770
55108
55088
55596
55689
55998
55677
55536
55376
55403
55303
55523
55541
55142
55620
55360
55105
55288
55034
55816
55336
54928
55161
55722
55336
55199
55214
55367
55673
55266
55565
55602
55552
55670
55117
55541
55194
55324
55206
55332
55483
55401
55313
55299
55096
55145
55475
55190
55703
55543
55201
55280
55328
55258
55177
55458
55329
54988
55203
55719
55240
55325
55172
55278
55555
55081
55236
55272
55282
55338
55458
55332
55548
55370
55107
54901
55124
54922
55610
55180
55347
54777
55186
55322
55238
55159
55244
54900
55107
55692
55054
55075
54884
55434
55152
55004
55145
55430
54980
55363
54961
54959
55224
55230
54927
54565
55065
54320
54921
54823
55023
54705
54616
54748
54867
54845
54813
54368
54429
54175
53353
53162
52941
52758
51813
50630
49857
49248
48141
47642
48354
48644
50054
51047
52137
52746
53446
53422
53624
54008
54076
54384
54282
53894
54723
54340
54761
55100
54897
54717
54913
54883
54820
54677
55151
54462
54935
55139
54734
54941
55090
54793
55336
55227
55423
54526
54639
54943
54938
55253
55192
55157
54917
54893
54872
55280
54983
55455
54690
55045
55280
54661
55263
55376
55010
55184
55206
55225
54819
55791
55449
55170
54939
55184
54595
55455
55414
54812
54706
55034
55108
54789
54805
54992
55377
55102
54695
55081
55135
55013
55533
54933
55313
55338
55247
54910
55204
55312
54583
55192
55482
55527
54660
55277
54740
54938
55103
54462
55140
54655
55254
55049
54707
54943
55308
55146
55236
54749
54729
55699
54795
55087
54976
55168
54808
54773
54986
55254
54994
54892
54988
54957
55001
55356
55066
54623
55000
55063
55230
54468
55230
54630
54899
54860
55389
55382
55065
55344
54514
54888
54862
55118
54502
54943
54942
55172
55155
54956
54731
55216
55309
54878
54951
54745
55388
54749
55142
55225
54805
55370
54525
55110
55297
54957
54910
55092
55148
54970
55395
54903
55294
54558
54587
55308
54644
54746
55053
54748
55126
54601
54949
54734
54599
54970
54927
54859
55171
54799
54740
54882
55060
54585
55009
55042
54696
55100
54899
54596
54878
54920
54753
55031
54563
54674
55145
55313
55114
54914
54528
54839
55068
54835
55061
55230
54575
55138
55130
55249
55021
54936
54902
55215
55233
55043
54949
55028
55000
54694
54924
54895
54708
54869
55020
54798
55095
55170
55106
54912
54814
54913
54975
55088
54829
55069
55234
54899
54786
55196
54760
55342
54797
54916
54878
55056
55068
55003
55191
54897
55248
55052
54915
54683
55635
