173609
173952
174041
174513
173716
174377
173967
174008
173792
174694
174286
174371
174254
173653
174431
173975
173936
174223
173846
174508
173844
174738
174070
174566
174114
174548
174501
174903
174256
174073
174135
173849
173979
174115
174329
173905
174828
174926
174380
173986
174773
173555
174185
173903
173930
173883
173705
174307
173761
174147
174468
173655
174688
173353
173764
172735
173016
173137
172537
172610
171180
171714
171456
170183
169768
168133
167135
165336
163871
163562
161573
162644
163653
164730
166588
167464
168651
169676
170607
170990
171658
171477
172723
172330
173515
173313
173286
173038
172591
174247
173289
173235
174382
174145
174476
173968
173769
173961
173891
174193
174346
174525
174374
174584
173625
174431
174771
174702
174878
174622
173591
175057
174599
174665
174444
174389
175417
173548
173554
174059
173910
174420
175367
174544
174580
175049
174225
173403
173677
174238
173798
174323
174216
173548
173869
174689
173762
173167
173410
173082
172796
172296
172866
172036
170189
169318
167851
166008
165069
163980
164453
164627
166733
167680
169528
170240
169977
171489
171883
172416
172015
173695
173003
173462
174231
174029
174459
174333
174469
174432
174346
174955
174216
174606
174679
173694
174308
174739
174836
174654
174019
174161
174770
174533
175117
174069
175242
175194
174313
175054
174478
174827
174553
174932
174065
175094
174578
174985
175050
174464
175164
174343
174934
175328
174095
175179
174560
174981
175409
175303
175230
174760
174297
174082
174947
174246
175188
174668
174389
174511
174207
173337
172976
172598
172113
171172
169813
169505
168817
168784
170066
171087
171834
172848
172982
174468
173528
174344
173425
174224
174368
173789
174662
174896
174709
175801
174247
175248
175261
175393
175120
175363
175177
175078
175050
175402
175041
174881
175380
175380
175482
176003
175552
174976
175253
175968
174750
175879
175526
174757
175032
175484
174724
174794
174844
174969
174485
174299
174373
174884
173743
173772
173679
172737
172556
170843
169861
169491
169323
169707
170769
172006
173298
173704
174412
173509
174294
174097
174957
175365
174971
175265
174332
175071
176312
175804
175084
175857
175692
175693
175074
175458
174589
176016
175319
175787
175380
175768
175889
176282
175631
175678
175555
176326
175252
175176
175267
175472
176487
175574
175299
175328
175892
175611
175043
174656
175261
175469
175979
175944
175374
176066
174697
175268
175671
175281
174621
175545
174843
174742
175181
174955
174888
174657
174928
174272
173968
174068
173329
172259
172180
170861
169251
168601
167520
165587
165607
165084
167091
168709
169622
171304
171700
172659
173981
173898
174374
174282
175491
175430
175045
176003
175516
174949
174979
175374
175726
175588
175445
175694
175857
175166
175958
175943
176080
175505
175562
176596
176168
175270
174958
176059
175782
175876
176415
176269
175654
175790
176178
175578
175421
176310
175954
175159
176500
175275
176322
174738
175276
175371
176299
175914
175634
175183
174684
175097
175450
174517
173907
174304
174424
174207
173663
173492
173556
173864
172431
172785
171453
170748
169003
168019
166342
165460
163867
162619
164484
165611
166723
168829
170001
171971
173198
172610
172874
174059
174200
174500
174215
174331
176064
175012
174745
175212
175636
175180
175858
175410
175109
175790
175820
175906
176634
176025
175178
176110
175940
177173
175988
175834
175769
176214
176079
176956
176034
176195
175589
176560
175477
176634
176239
176535
176501
176493
175666
175566
176111
176877
176910
177121
176618
175954
176515
176181
176051
176899
175698
176210
175902
176721
176659
174067
176511
176504
175765
175588
175446
175654
175902
175688
177000
176245
175576
176248
176032
176416
175999
176235
175599
175616
175484
176433
175743
176621
175871
175858
175523
176097
175691
175862
176319
175497
176169
175874
175151
175853
175410
175598
175620
174871
174626
175621
176176
174475
175201
175266
174847
175234
175028
174516
174244
174839
173239
172439
172371
171669
171691
170096
169054
168040
166560
165250
163405
163314
163242
164746
166199
168437
169228
170817
172087
171739
172628
173181
173739
172876
173451
173832
174161
174021
174885
174057
174826
174650
174715
174614
174550
174266
175953
175863
175749
175353
175811
174390
174429
174861
174359
175627
175125
175149
175396
175046
175396
175264
176103
174528
176008
174695
174915
174736
175651
174938
175220
174513
175750
175278
175486
175743
174203
175693
175403
174922
174751
174937
174889
174837
175013
174525
174663
174242
174128
174745
173894
174204
173120
172265
171295
170577
168977
168040
165875
164748
164837
164482
166317
167376
169242
170378
171226
170979
171747
172893
173292
173929
173940
173663
173868
174436
174092
174443
174536
174981
175005
174498
174282
174483
175414
175321
175759
175440
174648
174351
175601
174793
175788
175171
175327
174471
174911
175292
174939
174657
175349
175116
175289
175291
175486
175207
174084
174297
175122
175458
175227
175191
175591
174778
175144
174644
175425
175014
174871
174267
175167
173963
175122
174802
174596
174785
174743
174945
174640
174440
174052
173066
173291
172395
172448
171905
171627
170476
169499
168639
168405
168490
169649
170652
171380
172544
172245
173095
172963
173702
174109
173621
173513
174552
174725
175205
175143
173958
174388
174672
174203
174376
174336
174804
174277
174847
174679
174834
174744
174284
173555
174260
173565
174939
175113
173953
173723
174012
174100
174764
174544
174416
174154
173939
174532
174106
173820
174709
173739
173942
172984
172838
172450
172709
171720
170480
169745
169368
168220
168268
168766
169764
170499
171973
172545
172785
172100
172793
174220
172845
173323
173783
173740
173690
173965
173918
173581
173929
173471
174516
173606
174304
173478
174050
174451
174638
174250
174501
174283
174419
173677
174688
174222
173350
175110
174125
175021
174078
174296
174077
174038
174276
174095
174085
173661
173716
173894
174275
173034
174779
174612
173994
173899
173856
173961
174039
173892
173534
174171
173255
174471
174098
173038
172690
173756
172722
172765
172721
171827
171670
170810
170891
170059
169735
168747
166820
165250
164022
163687
163093
164310
165505
168122
168971
170371
170469
172138
171959
171782
171876
172112
171913
173568
173108
173040
173697
173693
173428
172862
173660
173910
174101
173203
174145
173057
174169
173900
173632
173811
173720
174324
173433
173594
173511
173713
173420
173890
173947
173614
173237
173518
173571
173160
173927
173449
174013
173207
173340
173524
173432
173906
173269
172323
173956
172827
172624
173556
173799
172569
173400
172426
172328
171956
171801
171665
172279
171390
170935
170821
170135
169862
168812
168587
166617
165028
163023
162362
161565
161318
162528
164470
166081
167493
168094
169855
169873
170499
171702
171787
172476
172154
172658
171903
172941
172851
172681
173406
173617
174286
173520
173717
173296
173587
173366
173478
173473
173040
172969
174168
173499
174062
173886
173783
173837
173340
174136
173555
173383
174498
173577
173955
173820
173876
173548
172722
173044
173862
173732
173582
173687
173984
173562
173496
173987
173389
173735
173491
173551
173997
173633
173932
173887
173721
173594
174119
173444
174136
173461
174485
173455
174687
176030
