10940
10800
10827
10971
10773
10960
10843
10832
10873
10956
10841
10929
11002
10781
10904
10955
10853
10987
11114
10860
10809
10935
10730
10850
10941
10839
10908
10920
10889
10980
10895
11105
10958
10943
10650
10954
10908
10859
10918
10940
10941
10859
11033
10887
10971
10902
10935
10914
10868
10897
11011
10899
10971
10935
10879
10889
10892
10964
10722
10821
10923
10957
11033
10879
10982
11083
10717
10888
10806
10693
10662
10973
11000
10770
10686
10759
11076
11004
10892
10814
10976
11018
10750
10796
11081
10846
10838
10690
10921
10897
10959
10844
10909
10926
10978
10788
10975
10953
10840
10899
10961
11003
10736
11001
10953
11016
10855
10793
10880
11031
10934
10931
10684
10788
11008
10828
11100
11001
10926
10766
10827
10954
10806
10762
11093
11028
10982
10750
10931
10820
11006
10974
11031
10706
10799
10859
11047
10925
11026
10885
10861
10855
10834
11018
10721
11036
10923
10836
10854
10695
11019
10959
10828
11165
10833
10580
11010
10940
10849
11003
10895
10866
10862
10788
10858
10874
10825
10843
10858
10861
10975
11086
10830
10713
10855
10916
10780
10853
10913
10711
10834
10906
10774
10741
10888
10961
10919
10865
10949
10991
10896
11056
10872
10754
10967
10826
10818
10658
11012
10956
10885
11009
10909
10791
10873
10877
10850
10800
10806
10857
10840
10864
10813
10625
10700
10843
11020
10882
10939
10814
10775
11129
10884
10959
10873
11095
10903
10984
10932
10779
10728
10853
10849
11005
10958
10825
10892
10785
11006
10859
11043
10850
10608
10858
10935
10974
10863
10936
10989
10841
10864
10910
11055
10848
11053
10929
10991
10912
10815
10890
10871
10959
10937
10909
10977
10789
10974
10722
11110
11038
10960
10942
10844
10944
10993
10903
10754
10853
10844
10632
10878
10794
10757
11055
10914
11012
10945
10825
10852
10721
10788
11062
11154
10857
10955
10849
10913
10853
10785
10965
10862
10740
10830
10932
10998
10989
10724
10742
10821
10800
10958
10928
11055
10679
10911
10915
11006
10897
10890
10773
10966
10886
10926
10830
10886
11038
10885
10890
10904
10859
10875
10896
10876
10896
10748
10919
10889
10806
11055
11121
10853
10712
10876
10814
10989
10840
10896
10755
10869
10896
10938
10835
10878
10779
10828
10915
11001
10736
10941
10809
11001
10740
10947
11000
10818
10990
10983
10716
10832
10951
10938
10779
10848
10835
11001
10851
11036
10901
10953
10742
10824
11031
10791
10924
10996
10738
10995
10982
11095
10895
10923
10829
10849
11066
10748
10862
11042
10978
10875
10847
10991
10714
10885
10991
10819
11027
11051
10921
10876
10837
10882
11027
11065
10924
10951
10798
11088
10896
11078
10809
10898
10832
10809
10897
10988
11179
10853
10907
11010
10865
11073
11074
10700
10793
10961
11103
11001
10794
11240
10809
11021
10748
10954
10829
10812
10983
10916
10970
10899
10949
11090
11062
10920
11035
10905
10942
10978
10982
10940
11138
10858
10988
10990
10838
10975
10931
10776
10906
10900
10868
10875
10952
11059
10996
10973
10876
10951
10844
11016
11094
10899
10900
10761
11012
10923
10899
11110
10959
10949
10883
10834
11015
11071
10987
11013
10915
10694
10918
10942
10736
10881
11059
10936
11028
10900
10993
10825
10925
10892
11037
10849
10878
11016
10802
10990
10777
11062
10845
10852
11008
10956
11074
10833
10944
10994
11118
10875
11033
10933
10952
10850
10963
10854
10778
10840
10981
10799
11069
11143
10913
10881
11018
10932
10909
11058
10875
10781
10938
10898
10962
10872
10956
10980
11030
10874
10970
10935
10853
10867
11012
11096
11054
11025
10996
10927
10970
10943
10962
10997
10927
10861
11092
11052
11101
10932
10768
11054
11156
10960
10954
11104
10887
10726
11015
10863
10990
11110
10973
10855
10992
10933
10835
11009
11036
11026
10862
11113
10780
11014
10901
10998
11048
10838
11023
10694
10947
10927
11020
10835
10978
11085
10700
10857
10776
10862
10915
10770
10930
10747
10938
10894
10827
10999
10924
10896
10815
10902
10969
10742
10792
11028
10917
10973
10983
10974
11021
10964
10918
10980
10886
10863
11094
10849
10814
10911
11155
10773
10944
10970
10933
11014
10906
10987
10888
11104
10861
11016
10837
10886
11045
10859
10879
11030
10813
11128
10876
10875
11037
10922
10831
10836
11147
11030
10823
10971
10837
11176
10929
10939
10950
11031
10647
11055
10835
10966
11008
10737
10853
11058
10897
10756
10892
10823
10765
10854
11011
10830
10942
11052
10981
10972
10947
10944
11041
10923
11000
11045
10871
10839
10858
10818
11050
10922
10993
10993
10942
10905
11092
10951
10750
10924
10970
10829
10721
10936
11105
10937
10929
10864
11056
10823
10965
10777
10717
10930
10891
11051
10955
10870
10974
10999
11024
10944
10969
11013
11095
11074
10844
10921
10920
11004
10945
10866
10954
10779
10729
10969
10970
10738
10998
10926
11022
10975
10931
10879
11018
11032
10996
11051
10810
10891
10862
10950
10873
10940
10976
11089
10765
10926
11171
10946
10920
10905
11074
10706
10912
10935
10898
11061
10878
10931
10806
10732
10872
11167
11095
10824
10882
11081
11042
10980
11034
10965
10887
11049
11050
10827
10934
10824
11023
10808
10891
11008
10917
10900
10851
10859
10971
10967
10884
11151
10869
11093
10868
10884
10915
10956
10796
10929
10837
10963
10896
10801
11076
10885
11003
11098
10845
11168
10985
10907
11207
10891
10880
10790
10907
10916
10830
10943
11107
11106
11031
11021
10984
11103
10919
10896
10996
10972
10846
10862
11010
10839
10894
10986
10827
10758
10825
10865
11013
10893
11030
11036
10875
10788
10988
10926
10965
10902
11122
10711
11148
10952
11018
10956
10971
11036
10658
10652
10980
10975
11006
10968
10816
10826
10817
11033
10941
10733
10879
11021
10940
10828
10852
10889
10961
10988
10839
11132
10657
10791
10870
10918
11005
11082
10917
10803
10844
10669
10934
11089
10765
10829
10806
10925
10979
11130
10850
10897
10829
11066
10885
10999
10906
10940
10826
11047
10809
10886
10872
11032
10829
10826
10994
11090
10959
10939
11117
10997
10863
10993
10972
10751
10992
10800
11019
11045
10922
11075
10763
11032
10986
10942
10762
10812
11006
10847
11020
10940
10985
10691
10807
10945
10765
10793
10905
10838
11026
10787
10753
11080
10989
11018
11026
10848
10911
10705
10819
10846
10749
10913
10927
10939
10826
10727
10981
10729
10879
10930
10824
10772
10815
10877
10837
10965
10851
10849
11085
10682
10911
10827
10935
10837
10884
10984
10847
10899
10724
10899
10714
10775
10942
10675
10938
