9707
9814
9816
9903
9837
9881
9790
9725
9712
10024
9859
9793
9848
9954
9880
9960
9830
9766
9722
9793
10012
9932
9754
9840
9877
9755
9694
9760
9913
9803
9889
9776
9958
9874
9813
9838
9692
9849
9971
9870
9739
9721
10054
9810
9918
9817
9798
9766
9848
9938
9920
9944
9897
9764
9841
9977
9819
9785
9879
9914
9946
9838
9701
9709
9875
9891
9731
9910
9836
9695
9725
9852
9884
9883
9693
9728
9960
10025
9651
9945
9685
9911
10023
9926
9954
9798
10081
9766
9826
9931
9897
10020
9847
9753
9771
9981
9832
9908
9848
9881
9912
9878
9889
9888
9883
9735
10005
9873
9713
9908
9969
9834
9955
9774
9905
9969
9839
9928
9777
9790
9747
9935
9815
9867
9777
9961
9883
9859
9912
9817
10010
9961
9832
9818
9872
9744
9914
9807
9750
9883
9811
9831
9890
10021
9929
9800
9865
9757
9827
9857
9684
9881
9886
9946
9967
9864
9810
9856
9726
9927
9809
9958
9593
9877
9771
9907
9871
9776
10000
9915
9987
9983
9927
9846
9934
9769
10045
9889
9647
9775
9815
9754
9815
9998
10041
10022
9923
9912
9858
9900
9917
9775
9837
9831
9853
9851
10035
9983
9743
9936
9931
9908
9975
9922
10006
9828
9995
9781
9841
9879
9881
9771
9834
10009
9966
9739
9862
9853
9706
9792
10097
9887
9966
9894
9814
9822
9856
9893
9817
9882
9813
9864
9822
9849
9667
9818
9950
9911
9845
9784
9709
9962
9671
9604
9990
9851
9835
9732
9917
9936
10154
9874
9912
9918
9904
9711
9873
9895
9835
9892
9723
9799
9911
9899
9865
9898
9908
9742
9718
9873
9891
9903
9884
9923
9898
9887
10007
10005
9756
10006
9834
9920
9871
9682
9814
9957
9796
9907
9664
9952
9839
10038
9836
9825
9972
9911
9911
9903
9976
9779
9948
9764
10037
9919
9944
9913
9911
9873
9846
10079
9828
9941
9806
9833
9788
9890
9860
9917
9888
9901
9946
9807
9728
9772
9848
9933
9810
9873
9867
9946
9935
9944
9763
9962
9869
9864
9699
9953
9877
9654
9845
9918
9902
9765
9984
9887
9801
9894
9892
9944
9961
10107
9896
9941
9924
10009
9895
9799
9948
10036
9861
9964
9628
9910
9908
9946
9919
9959
9784
9818
9940
9890
10026
9929
9818
9837
9766
9703
9996
9996
10093
9844
9688
9964
9943
9867
9865
10148
9791
9782
9951
9912
9731
9784
9883
9847
9889
9859
9925
9941
9912
9868
9733
9763
9997
9941
9869
9822
9815
9964
9936
9791
9926
9972
9973
9882
9978
9853
9816
9615
9905
9896
9870
9913
9837
9980
9936
9888
9855
9707
9853
9949
9856
9837
9818
9907
9815
9959
10003
9847
10074
9932
9832
9926
9939
9812
9973
9834
9812
9969
9855
10003
9902
9944
10020
9852
9927
9994
9884
9954
9935
9980
9912
9977
9785
9771
9888
9904
9908
10100
9835
9688
9946
9875
9917
9930
9937
10023
9963
9842
9868
10008
9916
9929
9767
9755
9929
9719
10010
10019
9892
9732
9939
9766
9741
9982
9863
9856
9917
9967
9894
9949
9765
9981
10108
9878
9950
9850
9956
9990
9533
9821
9800
9870
9972
9912
9883
9826
10020
9747
9856
9790
9730
9857
9864
9718
9902
9701
9872
10123
9890
9778
9999
9948
9858
9785
9850
9998
10147
9876
9923
9891
9765
9820
9998
9897
9712
9860
9908
9903
9940
9884
9732
9761
9892
9759
9863
10049
9917
10077
9939
9837
10037
9869
9797
9947
10041
9846
9795
9935
9833
9935
9993
9825
9668
9885
9994
9936
9984
9865
9879
9772
10108
9910
10025
9986
9858
9727
9956
10050
10004
9967
9925
10023
9894
10062
9817
9792
9907
9885
9992
9885
10004
10037
9761
9790
9874
9996
9920
9847
9843
9864
9634
9838
9777
9908
9904
9749
10001
9895
9996
9969
9813
9769
9916
9866
9954
9686
9624
9951
9974
9977
9846
9801
9799
9874
9830
10035
9947
9978
9881
9874
9853
9710
9874
9828
10001
9950
10035
9909
9982
9848
9857
10069
9870
9800
9800
9861
9873
9722
9898
9785
9929
9740
9905
9966
9812
9769
9812
9978
10107
9938
9735
9831
9761
9905
9760
9978
9891
10030
9862
9916
9997
10057
9899
10022
9830
10022
9917
9936
9832
9814
9876
9915
10180
9817
9855
9856
9881
9669
9861
9751
9850
9991
9728
9776
9718
10034
9898
9801
9828
9637
9904
9851
9908
9827
9904
9950
9762
9813
9802
9661
9801
9827
9894
10041
9720
9810
9810
10029
9856
10002
9712
9904
9811
9774
9991
9729
9963
9857
9949
9861
9753
9667
9866
9850
9993
9828
9898
9895
9827
9876
9855
9705
9949
9987
9858
9688
10010
9872
9812
9953
9657
9580
9863
9694
9880
9698
9879
9879
9999
9830
9897
9782
9925
9816
9871
9897
9611
9828
9794
9767
9645
9799
9785
9764
9697
9755
9836
9917
9865
9876
9918
9929
9845
9886
9888
9868
10012
9815
9767
9903
10009
9751
9746
9870
9850
9910
9757
9889
9909
9794
9934
9874
9858
9931
9920
9979
9840
9776
9701
9826
9951
9910
9863
9807
9917
9980
9934
9947
9913
9858
9801
9772
9759
9825
9914
9851
10072
9872
9808
9789
9938
9891
9986
9936
9879
9722
9663
9632
9727
9737
9782
9778
9555
9818
9938
9415
9873
9714
9961
9796
9920
9830
9826
9807
9831
9732
9900
9838
9856
9909
9731
9946
9767
9835
9940
9830
9527
9792
9830
9903
9915
9959
9949
9928
9958
9773
9889
9888
9834
9821
9946
9753
9689
9819
9784
9888
9734
9839
9978
9832
9837
9950
9912
9848
9868
9948
9935
9951
9736
9821
9927
9588
9863
9760
9727
9880
9710
9752
9818
9882
9726
9681
9846
9859
9848
9887
9897
9844
9972
9822
9849
9804
9706
9770
9760
9953
9657
9711
10033
9834
9744
9998
9933
9756
9911
9670
9856
9910
9810
9765
9803
9859
9854
9744
9749
9849
9907
9839
9865
9801
9641
9769
9821
9998
9787
9769
9750
9763
9779
9872
9789
9852
9920
9870
9731
9788
9908
9913
9864
9822
9842
9790
9855
9847
10026
9786
9864
9761
9799
9823
9805
9719
9614
9988
9997
9762
9960
9718
9799
9746
9781
9734
10013
9933
9953
9974
9755
9715
9727
9876
9800
9780
9821
9845
9805
9833
9860
9866
9724
9939
9701
9868
