7326
7296
7524
7483
7418
7356
7376
7391
7326
7411
7463
7546
7365
7291
7300
7386
7373
7406
7320
7463
7384
7236
7574
7395
7446
7483
7411
7355
7427
7293
7460
7508
7421
7575
7485
7306
7321
7381
7305
7474
7539
7483
7323
7233
7402
7411
7399
7469
7308
7366
7166
7375
7342
7381
7469
7344
7381
7347
7304
7463
7482
7456
7405
7356
7352
7397
7432
7225
7325
7480
7338
7443
7383
7319
7345
7311
7371
7420
7223
7391
7400
7276
7390
7274
7521
7357
7411
7508
7375
7504
7360
7328
7232
7436
7259
7392
7363
7530
7372
7309
7360
7471
7374
7358
7423
7356
7534
7261
7388
7249
7608
7350
7323
7388
7455
7360
7216
7276
7423
7366
7509
7327
7298
7354
7441
7389
7277
7436
7287
7457
7400
7446
7291
7458
7472
7410
7242
7448
7409
7275
7311
7487
7573
7332
7304
7331
7462
7531
7398
7363
7490
7346
7452
7542
7326
7272
7417
7339
7384
7429
7384
7384
7399
7351
7436
7446
7449
7469
7333
7340
7288
7413
7410
7278
7392
7393
7338
7254
7400
7492
7537
7377
7334
7418
7397
7396
7496
7432
7359
7339
7288
7310
7492
7380
7535
7504
7260
7490
7344
7321
7272
7440
7455
7593
7394
7395
7463
7650
7384
7481
7348
7416
7471
7443
7592
7163
7405
7365
7384
7291
7468
7481
7424
7403
7253
7380
7241
7457
7410
7470
7344
7350
7514
7370
7335
7427
7414
7425
7341
7358
7558
7426
7451
7276
7508
7213
7406
7471
7435
7312
7370
7426
7348
7379
7561
7461
7359
7490
7519
7387
7411
7341
7391
7444
7392
7497
7296
7404
7377
7635
7372
7404
7411
7486
7369
7407
7360
7353
7519
7238
7380
7470
7492
7249
7456
7396
7417
7589
7452
7592
7366
7546
7405
7459
7364
7495
7328
7338
7376
7480
7468
7436
7379
7469
7488
7360
7354
7420
7451
7462
7422
7427
7364
7329
7380
7461
7423
7529
7564
7368
7471
7467
7364
7260
7589
7391
7532
7416
7401
7331
7393
7470
7408
7517
7287
7556
7435
7367
7434
7398
7317
7493
7262
7475
7493
7281
7395
7433
7546
7466
7478
7423
7464
7460
7434
7490
7170
7354
7420
7426
7333
7355
7452
7413
7520
7541
7405
7401
7557
7436
7468
7394
7349
7406
7455
7545
7404
7383
7495
7257
7568
7457
7252
7450
7252
7538
7385
7444
7634
7470
7551
7410
7423
7529
7543
7297
7402
7363
7575
7491
7504
7374
7374
7445
7469
7326
7406
7438
7575
7468
7598
7621
7495
7436
7421
7405
7633
7530
7508
7579
7423
7408
7467
7366
7486
7412
7424
7393
7321
7386
7462
7406
7442
7486
7576
7450
7431
7503
7579
7464
7410
7367
7385
7395
7296
7337
7449
7433
7392
7407
7500
7508
7436
7504
7329
7457
7404
7552
7450
7371
7431
7366
7374
7371
7479
7528
7497
7389
7464
7430
7562
7449
7409
7404
7334
7458
7492
7285
7463
7371
7323
7452
7580
7392
7441
7478
7582
7507
7398
7491
7442
7359
7539
7465
7392
7464
7547
7511
7454
7317
7489
7458
7664
7401
7411
7344
7595
7244
7444
7383
7383
7391
7297
7355
7654
7382
7631
7433
7430
7306
7347
7446
7372
7540
7390
7576
7504
7444
7460
7510
7426
7427
7444
7415
7443
7439
7413
7478
7589
7522
7378
7316
7360
7433
7536
7262
7407
7433
7493
7329
7373
7415
7421
7403
7460
7396
7454
7390
7336
7357
7433
7466
7377
7367
7383
7421
7501
7431
7310
7384
7467
7402
7359
7421
7490
7493
7310
7414
7440
7490
7335
7521
7450
7373
7446
7309
7428
7487
7445
7416
7392
7415
7456
7415
7409
7459
7468
7518
7504
7551
7385
7370
7448
7399
7208
7296
7471
7365
7387
7500
7481
7379
7405
7440
7395
7413
7371
7515
7521
7371
7565
7247
7384
7473
7449
7523
7566
7550
7323
7360
7516
7566
7400
7362
7490
7478
7587
7283
7314
7386
7462
7502
7429
7317
7481
7466
7505
7463
7438
7461
7585
7415
7516
7312
7586
7483
7418
7454
7384
7549
7471
7343
7398
7370
7398
7214
7521
7307
7317
7387
7403
7507
7468
7302
7286
7357
7352
7470
7335
7258
7627
7345
7401
7516
7398
7275
7484
7436
7254
7513
7487
7310
7492
7562
7481
7342
7350
7451
7506
7466
7311
7411
7367
7359
7316
7430
7410
7349
7308
7562
7337
7528
7368
7435
7281
7367
7474
7408
7561
7278
7400
7266
7341
7244
7383
7414
7458
7503
7352
7293
7560
7548
7470
7399
7369
7289
7414
7361
7406
7380
7333
7355
7527
7415
7339
7515
7472
7201
7307
7422
7338
7451
7451
7426
7516
7556
7521
7457
7295
7506
7214
7434
7351
7451
7391
7313
7540
7391
7364
7285
7323
7316
7420
7335
7403
7602
7173
7524
7553
7294
7362
7431
7232
7425
7466
7282
7336
7332
7399
7395
7364
7231
7385
7500
7257
7344
7275
7459
7272
7381
7408
7337
7293
7457
7434
7417
7210
7472
7377
7248
7292
7409
7389
7285
7377
7407
7319
7261
7369
7241
7494
7455
7351
7432
7486
7368
7446
7415
7352
7442
7318
7578
7451
7437
7477
7502
7509
7376
7339
7381
7336
7184
7333
7379
7337
7495
7362
7423
7380
7322
7506
7297
7364
7398
7375
7435
7524
7246
7210
7597
7445
7621
7365
7273
7361
7201
7475
7314
7443
7409
7416
7317
7194
7238
7437
7369
7341
7521
7383
7520
7438
7487
7291
7426
7494
7375
7486
7286
7440
7351
7498
7368
7346
7448
7249
7224
7203
7475
7342
7326
7528
7396
7318
7504
7304
7502
7309
7361
7414
7454
7331
7450
7486
7501
7302
7381
7345
7274
7245
7379
7571
7342
7503
7383
7484
7420
7441
7106
7284
7432
7259
7243
7353
7405
7323
7536
7549
7418
7461
7325
7420
7516
7286
7425
7235
7298
7500
7511
7511
7382
7359
7450
7450
7503
7466
7237
7355
7443
7367
7450
7426
7371
7312
7412
7462
7328
7374
7409
7432
7387
7359
7408
7406
7406
7323
7388
7271
7437
7346
7236
7400
7496
7363
7319
7306
7407
7443
7278
7354
7498
7258
7213
7369
7182
7393
7339
7320
7321
7269
7380
7297
7488
7321
7213
7279
7298
7360
7200
7350
7264
7148
7400
7359
7332
7397
7324
7338
7405
7342
7377
7485
7310
7304
7428
