56143
56004
55896
56455
56085
56092
56332
56329
56003
55884
55751
55694
56166
55964
55601
56523
55770
55824
56091
56465
56469
55858
56177
56178
56419
56191
56237
55916
55815
56598
56018
55720
56324
55810
56098
55914
55856
56544
56293
55972
55949
56020
56375
56299
55828
55733
56071
55918
55939
56178
55905
55462
55787
55671
55514
55556
55487
55664
55481
55115
55640
54869
55086
54830
53855
52918
52734
51534
50884
49959
49626
49386
50160
51366
52139
52626
53755
54123
54657
54888
55146
55297
55253
55633
56124
55880
55714
55591
55398
56200
55734
55954
55945
56417
55958
55894
55846
55406
56011
56142
55878
56283
56219
56021
55829
55890
56097
55797
56220
55946
55621
56055
56262
55827
56023
56156
56026
56081
56195
56234
56485
55486
55912
56006
55899
56323
56217
55885
55634
55879
55895
55674
55652
56101
55642
56098
55520
55573
55915
55519
55312
55072
54833
54789
53985
53466
52930
51357
51178
50555
50277
50822
52004
52681
53112
53529
54546
54937
54621
55353
55414
55174
55717
55620
55932
55757
56082
55950
55823
56056
55477
55874
55654
55724
55956
55886
56465
55796
56036
55961
56748
56873
56090
56157
55683
56423
56598
56248
56589
56156
56337
56304
56124
56547
56398
56062
56378
56478
56151
56110
56192
56358
56091
56025
56310
56342
56534
56491
56587
56111
55657
56330
55845
55730
56078
56429
55860
56588
56137
56257
55960
55772
55702
55405
54860
54676
53910
53722
53643
53820
53943
53990
54892
55357
55025
55342
55579
55886
55826
56054
56035
55691
56141
56264
56428
56260
56650
56294
56325
56526
56184
56456
56433
56723
56385
55942
56140
56751
56442
56324
56210
56712
56495
56095
56253
56534
56504
56109
56253
56382
56544
56393
55959
56074
56117
56507
56174
55761
55820
56067
55600
55589
55565
55371
54657
54210
53897
53649
53164
53540
54674
54727
55282
55679
55826
55816
55578
55892
56211
56272
55955
55899
56520
56467
56340
56364
56295
56376
56308
56827
56339
56465
56459
56068
56630
56392
56424
56751
56982
56570
56198
56642
56603
56572
56805
56713
56368
56130
56719
56492
56649
56287
56735
56715
56476
56206
56003
56702
56305
57214
56111
55927
56320
56193
56604
56224
56091
56127
56077
56570
56299
55913
56431
56059
55461
55800
55815
55866
55764
55236
54457
54380
53537
52866
51262
51149
50689
50283
51219
52308
53067
53902
54732
54998
55061
55190
55412
55491
55791
56004
56024
56298
56245
56454
56468
56198
56848
56635
56765
56368
56535
57133
56504
56686
56364
56400
56276
56396
56347
56713
56729
56550
56497
56983
56383
56378
56598
56501
56785
56399
56505
56532
56666
56777
56499
56880
56832
56290
56494
56582
56572
56665
56011
56648
56510
56262
56268
56127
56510
55736
55737
55947
55769
56018
56034
55372
55264
54673
54965
53976
53809
53165
51733
51013
50445
49827
49914
50838
52275
52972
54010
54442
54641
55246
55275
55899
56185
55766
55507
56325
56331
56074
56455
56390
56063
56523
56701
56208
56787
56174
56503
56860
56364
56466
56451
56517
56997
56653
56657
56651
56570
56858
56393
56925
57048
56184
56590
56691
56545
56854
56402
56691
56629
56822
56862
56599
56420
56829
56845
56799
57298
56585
57053
56892
56768
56347
56863
56093
56977
56816
56187
56122
56803
56632
56757
56922
56592
56994
56380
56554
56642
56615
56555
56969
56333
56592
56370
56630
56727
56296
56733
56563
56400
56514
56787
56495
56416
56353
56108
56413
56675
56568
56496
56697
56283
56194
56218
56538
56259
56720
56340
56437
56584
56416
56293
56244
56318
56220
55751
56383
55673
55820
55379
55470
55496
54590
54590
53902
53532
52708
51684
51122
50158
50076
49918
50539
52020
52796
53701
54007
54408
54969
55521
55455
55271
55945
55730
56021
56322
56041
56207
56752
56024
56171
56502
56319
56735
56262
56087
56389
56461
56333
56441
56362
56676
56432
56301
56610
56578
56120
56341
56305
56473
56426
56144
56561
56267
56650
56208
56393
56802
56149
56466
56134
56574
56442
56410
56474
56364
55826
56059
56056
56194
56119
55853
56060
56450
55833
55684
56066
56159
56103
55640
55733
54955
54804
54645
53629
53619
52536
51366
50885
50758
50676
51510
52188
53240
53619
54259
54963
55108
54922
55103
55533
55694
55730
56094
55965
55635
56188
56163
56094
56235
56180
56209
56365
55910
56034
56056
56413
56265
56263
56455
56230
56388
56230
56354
56354
55811
56509
56376
56438
56200
56537
56157
56281
56327
56412
56448
56142
56338
56407
56109
55964
55955
56196
56122
56125
56137
55944
56153
56103
56544
56175
56201
55929
55669
55793
56262
55972
56414
56267
56006
55957
55628
55123
55142
55093
54175
54302
53402
53220
53272
53276
53693
54951
54665
55202
54996
55608
55487
56066
56187
55895
55914
56044
55937
55941
56222
56156
56103
56085
56522
56537
56288
56138
56078
56432
55958
55959
56136
56067
55760
55754
55847
55737
56215
56256
56277
56108
55584
56573
56074
56201
56050
55790
56056
55630
56122
55895
55875
55604
55488
55748
55412
55201
54748
54594
54667
53878
52926
52878
53408
53325
53964
54887
55113
55227
55568
55449
55837
55587
55643
55742
56180
55953
56138
55739
55912
55856
55760
55942
55639
56245
56091
55939
55990
56235
56095
56086
56151
56068
55304
55501
55941
55987
56249
56101
55518
56130
55744
56171
55613
56134
55720
56707
55736
56129
55888
55719
56110
55936
55989
55917
55563
55885
56025
55783
55908
55577
56015
55816
56140
55544
55522
55459
55474
55151
55609
55581
54757
54947
55100
54309
53770
53910
53234
52303
51266
50756
50023
50204
50348
51343
52234
53083
54008
54228
54593
55175
55453
55197
55491
54861
55428
55305
55397
55415
56241
55681
55396
55369
55835
55931
56084
56099
55538
56134
55991
56215
56223
55944
55564
55742
56438
56164
55639
55956
55719
55687
55985
55885
55445
56167
55973
55803
55606
55868
55883
55762
55659
55933
55497
55920
55778
55776
55764
55460
55452
55758
55997
55932
55484
55294
55462
55583
54592
55069
55180
54880
54684
54502
54251
53897
53148
52364
51348
50978
49671
49314
49233
50269
51249
52042
52530
53546
53998
53949
54530
54850
54793
55131
55069
55432
55280
55490
55592
55856
55765
55436
56033
55752
55388
55778
55433
55177
55740
55855
55441
55878
55554
55820
55986
55750
55920
55575
55561
55615
55725
56559
56045
55750
55867
55992
55885
55979
55912
55657
56059
55604
56091
55679
55931
56086
55737
56269
55989
55817
56682
55994
55693
56258
56205
55809
56393
56250
55633
55931
55728
55759
56063
56413
55885
56689
