525943
528185
528125
528136
527608
528214
526845
527465
527070
527625
527663
527461
526989
527579
527376
528631
527476
527530
527461
527548
527489
528032
526858
528757
528375
527469
528127
527715
528017
528338
529268
528129
526973
527806
527525
528300
527790
527681
526861
528364
527616
527482
527593
528583
527338
528814
528044
527834
525852
528295
528420
527049
527135
527825
527325
526817
526781
526399
527666
528479
526820
527193
525684
526033
525486
526249
525183
524348
524439
522817
524492
525137
523481
524552
523517
525061
525263
525771
526374
526632
526775
527247
526570
527803
526086
526769
525654
527117
527250
526840
528307
527437
527106
527058
528703
528736
527772
528493
527822
527018
528865
528518
529227
529380
528736
528188
528980
528840
528921
529434
530163
528666
529082
528600
527393
528230
528691
529073
527778
528164
528805
528484
528270
529818
528004
528252
528211
527736
527395
528051
529787
528961
529129
528748
529017
527388
528710
529138
529049
528455
527323
528282
528093
526113
526846
524491
525741
525489
525346
524547
527371
525403
523844
525625
526267
527891
527579
527519
528294
527804
528937
529010
529932
529463
528969
529321
529501
529462
529412
529490
529992
529016
528848
529517
529329
530308
529034
529685
528667
528304
528881
529481
529046
529377
529622
529707
529802
530264
530024
529524
530447
529052
529832
530410
529622
530179
530657
530789
530174
529795
529254
529686
528382
530073
529578
530410
530609
529335
530972
530811
531540
529280
529220
530527
530067
529959
529476
529571
528390
529724
530767
529206
528710
528510
529354
529036
527493
526718
526682
528115
527878
529226
528109
528396
528333
529354
529856
531108
530492
530978
529750
530758
530029
531572
531064
531499
530786
530511
530550
529864
529685
529581
530544
530831
530468
531627
531010
530941
531277
529929
532756
530725
531529
530875
530753
530725
530054
529807
531190
532223
530791
530348
531542
529765
530309
530521
530627
531264
529849
531313
529976
529633
530418
530532
529428
528389
527946
528301
527328
527786
528529
529796
529416
529748
530330
529484
530241
530298
531118
531833
532125
530746
531394
531336
531167
530710
530041
532959
531702
530957
532034
532375
531718
532096
531200
531675
530438
531725
532092
531860
532092
532613
532177
530355
531597
532963
531424
532807
533201
531705
533146
531473
532854
531320
531320
532087
531863
532750
532478
531544
532673
531930
531597
532483
532860
531718
532634
532878
531741
529939
532151
533302
532769
531216
531816
530674
531365
530822
530522
532309
530162
530035
530342
529873
529028
529422
527812
529491
528832
528551
529178
530023
530113
532379
530537
530757
531968
531167
532033
531852
532513
532280
531790
532629
533042
531503
532135
532168
531950
532919
533716
532279
532174
532813
532459
532277
532353
533649
532951
533782
532524
532257
533039
532794
532592
532972
532325
533701
531960
533836
532965
532101
532242
533145
533529
532767
532238
532520
532528
532813
532217
533370
532575
533173
532461
532445
533202
532355
530807
532713
533430
533070
532022
530718
531914
531857
531334
530497
531113
531129
529702
530536
530035
528936
528231
529211
529232
528661
530072
529268
529895
530868
530337
532636
531822
531954
532040
532466
532907
532078
532078
533430
532030
531833
532517
534119
534426
533475
533326
534905
533922
533888
533507
534732
533423
533242
532529
533706
533143
532968
532278
534060
533887
533603
534757
531869
533592
532971
532532
533475
534319
532676
533425
534652
533690
534065
534677
532854
533795
532589
535126
533863
534676
533052
533365
534552
534831
534577
532914
533886
532396
527522
532417
532585
533580
533606
532940
532596
532789
532246
532808
531602
532377
532554
531782
532773
532682
532284
532449
532236
533420
532356
531956
532965
533534
533361
534176
532901
532291
532629
533310
532287
531930
531426
533162
532550
533377
531990
531253
532642
532524
532942
531891
532045
531287
531103
530476
531514
530877
531478
531181
530605
529544
531137
530172
529665
529644
529135
529747
528677
529628
528315
527562
528837
528806
528685
529219
530982
529454
529387
529558
531600
530264
529764
529683
530019
530236
531440
532752
531917
529621
531097
531530
529988
532291
532968
531035
530777
532306
533105
532097
531401
531222
532371
532313
532008
531729
532330
531886
532109
531721
531868
531600
531747
531815
531656
531947
530553
531210
532318
530593
532174
530355
531502
529986
531566
532108
531924
531976
531287
530011
531345
530138
532451
530143
531947
531078
530741
531981
530973
531857
530583
530570
530752
530827
529582
529180
529951
528349
527774
528576
527273
526790
527636
527961
527352
527050
527586
529462
529563
529235
529985
529781
529192
529828
530493
530924
530058
530927
532113
530746
529685
530189
530313
530305
531403
529939
531359
530422
529904
530961
530142
529716
530750
530774
529940
531821
531639
530556
529882
530194
530368
530933
530491
530813
529865
530639
530059
530256
531207
530532
530886
529721
528935
530928
530367
531164
530450
530566
530893
529333
530274
530310
529574
530071
528750
528812
529847
530025
528284
529152
530714
528504
529931
528984
527742
529708
526425
527829
527022
527360
527167
524838
525609
527990
528231
528620
527105
528911
528210
529182
529892
529366
528640
527663
530738
530495
528459
528797
529276
529248
531132
530719
530284
529550
530761
530197
528910
529506
528680
529758
529358
530456
529484
529678
528858
529401
529028
529834
527900
529809
528995
527747
528994
530595
530223
528883
529925
529899
528384
530122
528399
526969
528366
528364
526719
527277
526356
525809
527556
524494
525183
525765
525847
526546
527180
526963
525475
527899
526824
528259
527433
529029
527208
527645
527718
529397
526725
528673
528837
527989
528993
528344
528874
529578
529633
526801
528736
528322
528967
528483
528571
527760
528407
528648
528732
528366
527627
528885
527144
528006
527747
528784
527284
528733
528441
527851
528759
528282
528519
527600
528061
529269
527345
527329
527995
527608
528493
527442
527603
528347
527008
527099
527800
526711
527168
528553
527903
527785
527751
526678
526127
525988
526439
524438
524951
525564
523712
522612
524456
524312
524795
523710
524131
523856
525802
525349
526895
527724
526588
525478
526563
526589
526874
526847
526861
528575
527413
527074
525217
527581
526710
527434
526144
527000
526242
527883
527192
528600
527603
527421
527823
527087
526753
526050
527916
526571
527349
527502
526845
526968
526268
526107
527499
527735
526898
528075
525680
527903
525567
528465
527262
526657
526925
526248
527831
526422
525861
526618
525979
527397
525463
526864
527490
526786
526880
526169
525537
526343
524896
524587
523602
525086
524937
523518
522470
525316
522627
522154
521309
522646
523104
521826
522730
524557
523878
523562
525112
525409
525569
525925
526402
524417
526505
525429
526290
525816
525969
526356
526669
525443
527330
526370
526184
526089
527050
526542
525330
525761
528742
526663
527869
526085
527723
526920
526211
525961
527433
526104
525409
526817
526713
526405
527437
527691
525867
526992
526278
527188
525687
525368
526700
527807
526288
525703
526570
527557
527125
526358
526703
527873
525366
525765
524903
526832
525968
527271
526161
526462
528168
525584
526599
527147
532717
