57107
56932
56703
56650
56993
57116
56848
56610
56792
56843
56711
56987
57145
57322
56971
57062
56847
57078
56472
56934
57004
56865
57223
56626
56848
57243
57093
56982
57268
57101
57003
56806
56737
57587
57295
57037
56816
57017
56800
56833
56764
57209
56945
57278
56954
57027
57003
57235
56819
56455
56805
56757
56845
56760
57038
56978
57496
57123
57056
57086
57062
57531
57034
56902
57100
57123
56764
57083
56976
56819
56924
56802
56758
57068
56593
56823
57200
57051
57195
57089
56958
56879
57409
56999
56905
56640
57100
57142
56888
56878
56943
56813
57388
57576
56744
56929
57239
56763
57037
57214
56873
56311
57373
57628
57046
57337
57106
57322
57185
56982
57301
56873
57091
56685
56691
57067
56953
57175
57126
57127
56753
56852
56970
56961
57165
57257
56996
57005
57321
57339
57329
57030
56989
57186
56903
57339
57489
57191
57251
57293
57383
56759
56919
57252
57323
57211
57475
57044
57344
56569
56851
57089
57049
56624
56779
57732
56775
56855
57407
56884
57267
57107
57057
56928
57315
57280
57038
57129
57430
56956
57235
57345
57061
57079
57099
57302
56838
57483
57428
57217
57061
56966
57141
57147
57164
57388
56759
56859
56996
57292
57125
57067
57015
57440
57274
57206
56812
57337
57227
56949
57285
57242
57593
56891
57232
57139
56713
57278
57062
57255
56540
57095
57524
57445
57536
56880
57284
57240
57163
57135
57092
57088
57029
57070
57122
57023
57034
57106
56700
57224
56940
57500
57274
57297
56870
56812
56820
56878
57713
56819
56852
56991
56692
56806
57405
56935
56693
56219
56932
56051
55869
55644
55012
54615
54183
53835
52566
51550
50361
49704
49727
50895
51616
52840
53693
54667
55122
55795
55399
55936
56141
56403
56196
56526
56870
56870
57102
56849
57137
57312
56754
57060
57142
56968
57050
57220
57427
56959
56967
57103
56708
57601
57458
57116
57226
57381
57440
57380
57228
56586
57299
56904
57006
57017
57269
57759
57712
57408
57141
57339
57106
57170
57433
57315
57105
57144
57546
57406
57467
57208
57217
57301
57507
57591
57404
57172
57433
58026
57014
57071
57362
57132
57846
57666
57418
57583
57034
57415
57359
57464
57565
57454
57552
57569
57543
57304
57841
57462
57657
57177
57419
58072
57419
57445
57671
57285
57196
57660
57440
57284
57736
56870
57389
57667
57472
57885
57406
57370
57779
57582
57398
57223
57027
57413
57489
57634
57381
58193
58278
57504
57133
57033
57756
56929
57913
57243
57379
57959
57094
57339
57591
57300
57432
57388
57375
57267
57970
57425
57184
57670
57588
57479
57711
57847
57471
57746
57069
57474
57329
57646
57128
56749
57283
57306
57499
57784
57640
57457
57456
57430
57959
57279
57336
56878
57297
57528
57998
57666
57396
57281
57472
57163
57543
57251
57541
57311
57637
57747
57546
57306
57314
57447
58024
57383
57382
57554
57542
57199
57725
57113
57445
57360
57532
57597
57349
57281
57447
57729
57311
57787
57884
57787
57504
57513
57185
57907
57985
57663
57812
57478
57200
57600
57296
57619
57429
57658
57489
57655
57692
57360
57345
57590
57948
57437
57757
57306
57802
57195
57920
57582
57595
57531
57473
57795
57827
57477
57539
57601
57933
57411
57477
57781
57452
58158
57028
57607
57784
57798
57465
57791
57853
56859
57607
57490
57495
57405
57514
57557
57524
57672
57528
57537
57641
57537
57603
57113
57544
57338
57310
57304
57513
57216
57039
57708
57558
57786
57656
57356
57544
57837
57448
57006
57403
57931
57236
57840
57187
56989
57494
57139
57419
57445
57675
57541
57317
57367
57404
57292
57192
57688
57424
57654
56800
57447
57636
57313
57222
56999
57330
57024
57620
57386
57149
57506
57374
57074
57292
57345
57046
57414
57169
57441
57378
57336
57436
57088
57765
56985
57365
57411
57341
57742
57305
57831
57467
57669
57263
57589
57382
57666
57376
57366
57211
57616
57473
56784
57144
57505
57460
57429
57329
57519
57147
57237
57324
56985
57724
57275
56992
57054
57693
57464
56931
57461
57173
57336
57267
57304
57362
57600
56943
57744
57311
57645
57612
57408
56873
57171
57069
57190
57413
56953
56879
57025
56800
56872
57134
57131
57192
57245
57035
57231
56894
57547
57136
57506
57146
57345
56918
57614
57256
57237
57133
57110
57430
56654
57153
56730
57591
57347
57388
57246
57198
56875
57229
57403
57378
57517
57565
57229
57339
57130
57707
57262
57633
57142
56994
57081
57065
56917
57169
57286
57603
56871
57070
56958
57182
57042
57435
56986
57048
57208
57549
56981
56819
56935
57008
57279
57210
57447
57199
57417
57093
57468
57416
57281
57441
57312
56811
57383
57135
57049
56512
56544
57024
56938
57133
56723
57096
56968
56493
56542
56894
56689
56760
56605
56570
56975
56990
56539
56874
56474
56769
56297
56387
56691
56600
56612
56291
56215
55909
55835
55600
54785
54232
53713
52752
51546
50564
49647
49830
49862
51025
51939
53380
53962
54401
55242
55584
55687
55903
56132
55827
56015
56003
56381
56340
56571
56779
56548
57296
57025
56763
56956
56713
56659
56726
57044
57166
57113
56560
56366
56825
56751
56681
56947
57243
57008
56942
56614
56681
56571
56968
56950
56870
56644
56905
56858
57335
56692
57296
56870
56846
56833
56841
56772
56766
56988
57218
56924
57423
56824
57012
57019
56856
56716
56593
57014
57070
56808
57103
56363
56782
57106
56690
56942
56722
56975
56961
56498
57074
56925
56816
56618
57214
57026
57032
56790
56922
56505
56720
57206
56929
56898
57001
57237
57258
56677
56985
56839
56655
56853
56752
56787
56820
56941
57093
56853
57260
57276
56970
57208
56693
56780
56852
56855
57185
56832
57032
56773
56479
56432
56791
57208
57013
56780
57330
56883
57055
56774
56916
57328
56921
56792
57056
56832
56691
56403
57045
56358
57192
57070
57139
56869
57005
56452
56864
56787
56958
57117
57033
56915
56851
56819
56576
56777
56778
57221
56745
56438
56921
57070
57168
56839
56832
56519
57314
56705
56844
56560
56793
56640
56568
56675
56805
56624
56522
56882
56744
56780
56383
57059
56891
56795
56589
56766
56998
57145
56848
56682
56761
57294
56784
56554
57127
56778
56930
57241
56643
56966
56770
56486
56767
56724
57188
56827
57022
56978
56771
56710
56932
56776
56941
56718
57063
56401
56824
57220
56828
56942
56689
56874
56759
56484
56580
56787
56806
56510
56847
56944
56948
56736
56985
57233
56836
56616
56284
56783
56882
56853
56915
56861
56725
56479
56817
56750
56647
56878
56871
56526
56744
56769
56711
56811
56926
56791
56901
56058
56617
57022
57183
56477
56729
57533
