862453
865218
862385
866545
863258
864836
862708
865726
864038
866349
865299
865933
862752
865316
865932
865202
867112
865298
864573
865517
867007
865716
865797
865034
866920
864919
865850
865455
865890
865392
865160
867629
865140
866372
866125
864245
865364
867576
865219
865114
867093
867394
864444
866090
866263
865276
863615
865396
866714
866089
866683
866934
866652
866528
865423
866320
866216
865880
866260
867593
863504
866475
866945
868429
868588
865105
866787
865948
864364
867439
866156
867056
867239
866202
867513
866549
867637
867393
867709
866381
865671
866928
867218
867375
867555
866221
866983
867984
869077
866151
866866
867717
866483
867291
866602
867183
867117
868187
866979
868272
867899
868066
867797
868907
867856
868190
868127
867835
867053
868407
868953
867109
868378
866351
867067
866506
868259
868005
867552
868312
868058
867606
868393
866947
867295
867117
867274
871213
868818
868158
868023
868730
869007
867655
867616
868333
869211
868859
868852
870041
869700
868950
867972
869856
868691
869639
870413
869285
868803
869359
868949
867721
870202
868743
867794
870279
868654
869541
868521
869755
870415
868484
869556
869270
868149
868796
869011
868803
866976
867868
867489
868605
868682
869924
867465
866757
867174
866678
865555
864029
861219
857487
846984
831803
817587
819257
833682
847671
854387
859440
861179
864141
865173
866712
868246
870548
867695
866588
868969
868489
869571
868630
868404
869152
867231
868655
868547
866577
866024
865105
863693
859627
851096
836193
822163
830001
845445
855189
861197
864555
866226
867073
867289
869848
869268
871093
870107
870628
869350
869179
870596
870721
869748
870221
869661
871556
870371
869953
868897
869292
867778
862534
858837
848810
842545
850322
859007
865198
865507
869772
869231
869833
870100
871651
871160
869441
870107
871135
870618
869964
868430
867731
868434
864412
857009
849305
843332
853301
859561
864589
866905
870713
870770
869408
871132
870041
870433
870981
870791
869414
870335
871450
870943
872250
871483
870667
869945
870331
869578
868769
866558
865245
858939
853500
839971
825281
827269
845361
857360
864037
867342
869493
870065
871303
870431
870185
870019
870183
873047
870964
871758
871003
872562
869727
870148
870171
869890
869761
866580
866301
862798
860056
855476
845522
826953
816314
829431
846061
857180
863925
866730
868175
869433
869181
870255
869815
871893
873654
870771
872982
871731
873876
874457
871732
874324
873680
873584
872214
872727
872845
873210
873636
873891
873721
872391
874132
874427
874274
872538
875166
873592
874575
873149
873628
873405
874945
873385
872174
875753
873219
874825
875792
877223
874070
872604
874164
875408
874478
874806
875560
873796
873721
874338
874946
874580
874852
872372
874606
875047
872827
872283
876328
875264
874433
875722
875923
873705
873702
874574
874707
873749
873482
874733
874939
876235
873946
875838
874056
873466
874027
873693
874408
875958
874242
873970
873678
875604
874963
874364
874770
875854
873954
875058
873483
875552
874671
874697
874224
874263
873821
875101
875692
876546
874758
873105
875936
874223
875813
872122
874881
874115
876175
873483
873727
873844
874538
873680
875029
875854
874664
874034
874191
874619
876833
874024
875578
875705
874892
874771
873800
874677
874430
874919
875499
873352
874479
874633
874395
874826
876413
875381
873840
874158
873496
874512
874520
874215
875559
875318
873603
872867
873236
874729
874212
876573
874535
874853
874863
873066
873222
874469
875420
873994
873749
874921
875505
875181
874857
874402
873277
874591
874455
874031
875771
873779
875039
874763
873613
873910
875344
873208
864352
870783
871043
872548
872130
870956
872105
871278
869812
871732
871366
869521
869597
869963
869800
870738
868159
870638
871187
870364
870196
870754
870319
869631
868782
869325
869300
869902
869886
870299
869706
870159
868971
869197
870181
869689
871189
869479
870935
868103
867144
869871
868722
868536
871433
869786
870042
869570
867299
869354
869323
869805
868383
867837
869022
869348
870614
868924
870061
869146
869560
870405
871396
869370
869115
869908
867241
868619
869206
869552
868618
867809
868164
868582
869173
869487
868265
870732
868463
868675
869813
868158
868061
867793
868708
867566
867034
868647
869509
868556
868624
869727
869754
869314
869020
867733
868726
868587
868756
867694
868456
866913
867040
867785
868148
866845
868796
866867
866137
868744
867206
866721
866900
868893
868187
867239
866645
867339
866037
866831
864926
868793
867193
869090
868035
867656
867680
868606
866222
869121
866383
868835
865822
866452
867891
867026
869468
868752
865789
867177
867908
867448
868164
867605
868450
866696
868794
866942
868277
864948
867197
866612
866143
867883
867217
865045
867127
867384
868007
866102
864100
864543
865804
865143
863762
864049
866046
865831
863833
864505
864060
862700
863273
863043
861608
859514
857786
850741
838234
820294
808781
816376
833600
845842
850872
855094
857118
859211
861018
862647
864867
862603
863625
863486
863826
863291
865187
863226
864761
863925
862213
863571
864031
861677
860775
858400
858811
855054
847357
833788
817657
820771
836509
846727
853744
857182
858652
860960
860472
862039
861940
862617
861384
864461
861927
863550
863346
863435
862435
863692
863121
862188
862897
861265
861823
861999
860707
858152
854815
846972
835983
836438
844892
854896
857049
859122
862539
862256
860588
863117
860024
861884
862864
860828
862202
861101
861785
861030
860532
859260
855953
849876
842014
834038
840284
850054
856455
856640
857981
860804
859344
861314
861555
862178
861183
862436
861582
862714
862108
861732
861502
861799
860133
860463
859767
858829
859277
857640
857639
854691
850256
843337
830411
813998
815869
832376
844618
851707
854444
857720
858927
857852
860072
860132
860409
858925
858921
861176
860216
860566
859914
859213
857839
858593
858372
857409
857162
855044
854066
850295
846093
839596
827337
809203
804593
820207
838311
846063
850494
854666
856232
857294
858249
858248
858280
860628
858381
860437
859676
860965
860907
861143
860878
860632
859760
860749
861283
859820
860229
861272
861251
859115
860725
860041
860682
858981
861306
862927
860435
860762
859520
859120
859871
860387
859356
859714
861309
860860
859682
860242
860863
860639
859149
861040
859076
859163
860972
860668
860933
862061
860158
860626
860137
859687
862944
860718
858529
860126
860873
859090
860796
859817
860292
859766
859302
860749
860206
859827
860415
858444
859891
859838
860506
859347
859461
859880
861070
859490
859838
860249
861024
859866
859941
859682
860279
859661
859245
859564
859475
859468
858808
859305
859823
859242
860653
858798
859600
858823
858512
859438
859386
858506
859259
859274
859335
860135
860635
858922
859195
858783
859382
859925
860190
858335
858486
857354
859971
861539
858881
858680
859076
859583
859954
860848
860875
860085
858651
862475
860060
858846
860070
860150
859243
861876
859241
859373
859277
859306
861357
859025
858525
862040
859952
858931
859594
858954
859317
860144
859456
858890
860289
859259
858950
859423
860320
859246
860092
857875
859746
860150
859592
860414
860850
858221
860866
861839
858603
860983
860325
859934
860120
860035
859600
861523
859822
860455
860486
860169
861529
861818
861288
860244
871375
