7804
7688
7786
7608
7678
7699
7872
7806
7811
7881
7616
7606
7735
7615
7721
7486
7601
7719
7794
7809
7746
7539
7555
7832
7740
7660
7729
7689
7722
7759
7567
7822
7654
7680
7705
7735
7642
7744
7735
7746
7749
7702
7812
7636
7589
7737
7720
7790
7744
7746
7821
7704
7693
7804
7645
7822
7776
7596
7652
7741
7710
7681
7629
7704
7838
7761
7815
7730
7498
7744
7660
7865
7798
7682
7660
7720
7682
7516
7858
7723
7789
7691
7696
7735
7746
7724
7693
7782
7500
7666
7696
7711
7674
7783
7616
7727
7804
7800
7823
7750
7614
7762
7691
7751
7673
7799
7521
7709
7897
7910
7742
7838
7700
7746
7642
7663
7810
7556
7727
7673
7732
7777
7708
7626
7832
7804
8022
7811
7733
7650
7880
7650
7666
7832
7840
7936
7789
7823
7662
7706
7769
7765
7720
7701
7634
7691
7735
7815
7731
7870
7608
7672
7617
7576
7639
7727
7601
7701
7808
7743
7789
7906
7728
7638
7864
7845
7732
7803
7924
7921
7749
7689
7799
7745
7719
7763
7794
7692
7575
7759
7846
7740
7715
7676
7627
7773
7805
7708
7760
7716
7712
7865
7898
7760
7892
7855
7742
7722
7733
7960
7576
7771
7600
7746
7890
7711
7727
7678
7779
7555
7637
7805
7689
7954
7715
7611
7613
7825
7680
7634
7688
7870
7839
7909
7726
7744
7710
7860
7723
7676
7800
7626
7563
7730
7791
7747
7704
7698
7693
7753
7805
7791
7691
7825
7630
7862
7847
7550
7639
7867
7804
7693
7624
7707
7764
7614
7738
7666
7754
7683
7673
7704
7798
7596
7467
7689
7830
7741
7795
7770
7714
7685
7785
7706
7645
7681
7655
7782
7730
7788
7722
7659
7752
7660
7707
7838
7813
7764
7739
7889
7809
7815
7789
7801
7769
7864
7840
7908
8017
7777
7777
7781
7786
7642
7671
7788
7928
7683
7752
7735
7839
7669
7820
7798
7841
7941
7818
7838
7756
7832
7745
7665
7788
7855
7637
7683
7753
7671
7865
7756
7750
7680
7831
7641
7761
7814
7870
7800
7786
7760
7662
7768
7821
7708
7696
7774
7736
7784
7583
7853
7902
7888
7747
7831
7647
7854
7704
7877
7791
7707
7777
7888
7884
7718
7859
7861
7828
7849
7722
7578
7830
7824
7545
7926
7794
7919
7687
7747
7728
7820
7711
7676
7830
7945
7936
7710
8065
7781
7657
7799
7865
7909
7709
7779
7834
7833
7756
7731
7822
7808
7795
7904
7886
7782
7897
7811
7878
7734
7835
7865
7775
7671
7915
7785
7923
7770
7791
7896
7660
7686
7832
7764
7959
7768
7811
7844
7729
7780
7776
7737
7678
7729
7775
7769
7747
7751
7672
7680
8007
7694
7824
7768
7701
7679
7569
7793
7803
7751
7755
7945
7937
7897
7804
7840
7776
7664
7679
7803
7709
7818
7728
7803
7915
7823
7856
7876
7826
7978
7846
7716
7784
7627
7866
7902
7745
7828
7879
7871
7795
7641
7919
7879
7614
7801
7794
7862
7675
7492
7787
7720
7847
7760
7836
7812
7837
7791
7845
7603
7684
7686
7881
7869
7837
7843
7740
7798
7743
7691
7700
7918
7712
7763
7759
7652
7849
7688
7796
7746
7792
7745
7779
7734
7652
7826
7720
7870
7731
7934
7857
7768
7753
7657
7835
7644
7659
7563
7781
7683
7587
7689
7779
7800
7736
7826
7745
7709
7941
7706
7650
7831
7806
7693
7918
7556
7878
7706
7893
7752
7808
7670
7751
7773
7779
7792
7749
7661
7944
7856
7924
7685
7682
7775
7779
7660
7900
7788
7624
7904
7788
7553
7881
7789
7819
7747
7821
7763
7758
7697
7799
7841
7806
7767
7650
7796
7586
7786
7672
7888
7695
7841
7882
7850
7853
7714
7694
7679
7750
7844
7797
7760
7927
7763
7727
7583
7812
7867
7669
7752
7924
7820
7855
7698
7642
7663
7889
7836
7868
7741
7802
7573
7719
7730
7839
7736
7708
7798
7584
7670
7774
7763
7715
7803
7776
7686
7956
7808
7773
7737
7775
7705
7793
7748
7950
7746
7798
7797
7597
7747
7628
7792
7681
7862
7720
7715
7705
7823
7773
7720
7624
7776
7604
7819
7853
7649
7619
7690
7567
7723
7821
7669
7924
7747
7738
7605
7934
7637
7869
7661
7733
7757
7896
7949
7731
7784
7772
7633
7745
7809
7684
7773
7617
7570
7594
7701
7739
7763
7662
7584
7718
7740
7650
7825
7636
7732
7685
7837
7782
7768
7766
7687
7707
7819
7633
7774
7735
7880
7694
7699
7954
7805
7777
7871
7612
7743
7771
7817
7692
7776
7619
7830
7763
7837
7756
7634
7957
7642
7790
7499
7926
7752
7657
7827
7777
7621
7673
7702
7514
7841
7703
7844
7665
7750
7728
7604
7661
7710
7765
7843
7732
7682
7655
7828
7747
7644
7818
7729
7688
7517
7654
7556
7603
7786
7748
7605
7726
7692
7522
7632
7629
7679
7881
7633
7900
7702
7676
7708
7695
7616
7710
7681
7926
7781
7557
7716
7543
7636
7506
7839
7757
7708
7827
7728
7684
7710
7697
7748
7885
7801
7658
7714
7574
7527
7608
7600
7692
7779
7757
7706
7733
7779
7668
7737
7845
7889
7822
7711
7715
7677
7679
7615
7800
7764
7721
7721
7568
7700
7716
7863
7766
7832
7626
7650
7857
7837
7653
7798
7684
7603
7627
7773
7626
7722
7829
7753
7685
7706
7671
7660
7783
7707
7609
7738
7683
7618
7526
7671
7739
7915
7599
7650
7662
7718
7588
7778
7687
7655
7647
7842
7698
7720
7832
7663
7819
7722
7627
7731
7826
7681
7590
7696
7580
7627
7686
7713
7663
7623
7700
7795
7647
7656
7655
7641
7663
7642
7601
7478
7674
7647
7675
7829
7649
7786
7638
7592
7646
7700
7709
7600
7515
7834
7788
7730
7565
7626
7557
7576
7822
7656
7716
7743
7655
7701
7634
7723
7770
7608
7661
7546
7886
7778
7645
7818
7825
7774
7597
7703
7676
7622
7588
7622
7647
7712
7694
7765
7730
7623
7677
7765
7789
7616
7667
7538
7634
7593
7830
7770
7924
7791
7544
7502
7682
7628
7797
7709
7770
7658
7768
7660
7688
7749
7721
7722
7539
7585
7721
7762
7775
7592
7633
7660
7574
7748
7773
7732
7800
7589
7658
7689
7804
7635
7683
7754
7729
7781
7728
7543
7772
7618
7659
7720
7574
7689
7742
7754
