86786
87148
86749
87360
87468
87576
87336
87287
87862
87091
87446
86914
87481
87166
87053
87379
86842
86973
87182
87181
87074
86932
86978
87197
87109
87550
87115
87436
87123
87116
87887
87277
87318
87366
87463
87155
87419
87641
87506
87604
86861
87023
86695
86986
87077
87403
87165
87373
86990
87256
87506
86788
86589
86466
87218
86430
86580
86428
86529
86379
86719
86370
85476
85220
84826
84000
83013
82307
80484
79473
78441
78183
79415
80604
81801
83109
84090
84967
85113
85770
85773
86094
86395
86908
86815
86957
87141
86563
87152
86457
86870
87167
87259
87337
87026
86977
87128
87141
87495
87415
87163
87355
87148
87084
87551
86947
87314
86933
87265
87434
87280
87472
87581
87907
87373
87413
87078
87374
86965
87368
86931
87246
87138
87763
87606
86865
87456
87420
86907
87738
86736
87251
86667
87159
87407
87148
87065
86266
86477
86579
86621
86356
85407
85285
84677
84476
83492
81810
80607
80480
80047
80918
81774
82964
83850
85259
85228
85825
86154
85824
86904
86796
86701
87201
86784
87264
87554
87661
86904
86736
87021
87217
87469
87306
87957
87288
86934
87385
87297
87649
86858
87214
87464
87278
86791
87168
87802
87313
86987
87630
87754
87461
87962
87526
87223
87988
87436
87606
87339
87254
87517
87412
86946
87540
87326
87026
87402
87573
87463
86945
86780
87346
87450
87176
87385
87406
86975
87161
86651
87447
87098
86735
87032
86202
85921
85099
84838
84823
83819
83927
84832
85017
85439
86362
86820
86947
86749
87240
86763
87232
86960
87458
87770
87543
87561
87247
87460
87547
87727
87266
87238
87796
87497
87953
87937
87581
87822
87541
87246
87323
88028
87413
88201
88124
87437
87838
87782
87652
87996
87221
87420
87559
87223
88288
87566
87560
87946
87721
87378
87547
87259
86442
86852
85581
85689
85188
84556
84312
83739
84899
85362
86031
86701
86244
87032
86696
87194
87446
86977
86918
87947
87575
87802
87634
87665
87762
87688
87811
87639
87560
88380
87688
87655
88160
87754
88013
87784
87927
87561
87637
87668
88235
87920
87857
88183
87671
87699
87825
88197
87637
87822
88468
87565
88392
87888
87719
88165
87609
87674
88086
87690
87438
87338
87849
87637
87944
87358
87481
87440
87181
87231
88209
87399
87210
87023
86743
86948
86499
86702
85768
85315
85018
83980
83032
82179
80725
80062
81056
81987
82609
83784
84664
85112
85881
86578
86837
87249
86536
87499
87545
87421
87593
88130
87534
87677
88034
86988
88357
87792
87947
87944
87301
88063
87992
87980
88130
87769
87591
88093
87920
87429
88124
88216
88650
88457
87953
88212
87910
88300
88437
87831
87888
87602
88020
87572
88013
88006
88873
87941
88416
87789
88097
87750
87739
88320
88479
87280
88132
87628
87607
87976
86937
87250
87561
87111
87474
86469
85762
85275
84609
84336
83203
82202
80399
79227
79519
79660
81414
82465
83877
84254
85481
85875
86516
86875
86877
87481
87078
87249
87845
87570
87394
87308
87897
87670
88046
88539
87955
87906
87598
88065
88311
88214
87572
87638
88592
87602
88195
87560
88047
88724
88166
88140
88039
87889
88340
87891
87852
87828
88091
87899
88422
87988
88213
88233
88427
87803
88393
88257
88071
87774
87945
88723
88783
88297
88075
88045
87853
88218
88071
88271
87266
88096
88373
87930
88262
87965
88502
88048
87741
88423
88632
88643
88019
87635
87993
87870
87550
87583
87888
88470
88037
87805
88032
87723
88112
88641
88157
87380
87542
87842
87469
87996
87782
88372
87974
87663
87962
87693
87994
87858
87609
88210
87467
87788
86969
86946
87584
87030
88367
87170
87012
86527
86716
86498
86217
85827
84607
83928
82773
81435
80727
79140
78598
79196
80422
81497
83022
83813
84913
85792
86287
86079
86766
86971
86432
86980
87372
87293
87551
87515
87664
87418
87389
87871
87835
87706
87379
87088
87011
87821
88010
88261
87553
87794
87729
87513
87640
88033
87955
87915
87862
87801
87579
87882
87687
87527
87901
87799
87951
87681
87448
88306
87658
87435
88272
87737
87692
87570
87891
87939
87393
87531
87502
87696
87359
87798
87461
87088
87118
87369
87046
86688
87328
86373
85678
85054
84626
83823
83099
82025
80763
79683
80367
81593
81936
83522
84752
85456
86009
86481
86668
86677
86684
86614
87105
86951
86912
87162
87199
88083
87279
87494
87963
87112
86886
87825
87998
87708
87749
87759
87310
87246
87408
87572
87521
87834
87312
87624
87731
87481
87956
87636
87409
88209
87499
88068
87930
86889
87509
87451
87301
87535
87756
87700
87636
87752
87859
87415
87786
87642
88048
87895
87134
87690
87315
87010
87803
87310
87422
87733
87233
86548
87081
86749
86477
86541
85887
85213
84993
84813
83910
83820
84673
84652
85327
85407
86323
86559
85997
86699
87075
87424
87334
87226
86724
87884
86874
86628
87622
87970
87367
87085
87743
86923
87382
86703
87237
87204
87096
87469
87760
87443
87356
87640
87595
87103
87668
87701
87185
87688
87045
87721
87660
87038
87620
87232
87065
87438
87339
87209
86560
87130
87069
86608
86800
85938
85713
85218
85267
83831
83731
84068
83837
85042
85283
86474
86458
86867
87173
86659
87060
86156
86899
86942
87181
87085
87553
87376
86846
87557
87152
87950
87810
87324
86831
87392
87371
86868
87430
87371
87599
87369
87052
87109
87193
87377
87224
87345
87036
86977
87212
87142
87412
87284
87566
87109
87187
87205
86896
87446
87249
87383
86570
87419
87233
86868
87023
87389
87328
87289
87057
86661
86907
86707
86824
86988
86168
86625
86980
86438
86490
85771
85271
85072
84557
83603
82448
81132
80358
79861
80344
81287
81681
83433
83680
85048
85355
85262
86107
86275
86760
85837
86638
87064
86695
86741
86976
86981
86683
87202
86581
86934
87096
86701
86878
87456
86759
86644
86839
87166
87162
86603
87144
87092
87119
87043
86967
87061
87189
86880
87360
86826
86575
86871
87012
86882
86818
86779
86616
86789
87026
86748
87385
87017
87060
87319
86829
86863
86920
86581
86563
86625
86484
86654
86073
86139
85977
86295
85500
85837
85183
84653
84123
83290
82425
81189
79806
78831
78071
78915
79042
80793
82430
83441
83572
84660
85222
84995
85636
85957
85874
86631
86265
86741
86869
86741
86756
86663
86635
86629
86885
87022
86023
86712
87190
86911
86946
86684
86917
86640
86785
87317
86891
87387
87004
87441
87096
86751
86765
87353
87412
87161
86949
86956
86985
86811
86659
87225
86775
86685
87015
86981
87219
87509
86696
86903
87525
86954
87380
86940
87233
87111
86638
86990
87365
87014
87452
86948
87550
87396
87026
86755
88197
