125418
126096
125814
126360
125951
125454
126476
126658
126468
126090
126551
126596
126496
126269
125816
126593
126303
126234
126621
126304
125587
126867
126045
126235
126161
126131
126340
126719
126161
126312
126304
126567
126416
126775
126126
126056
125861
126427
126080
125991
126380
126567
127085
126468
126508
125970
126513
125983
125959
126414
125871
126491
125609
125400
126224
125883
125176
125210
124887
125228
124514
124363
124053
123083
122683
122487
120728
120096
118113
115385
114600
114608
115559
116625
119405
121110
121952
122199
123880
123641
123726
124299
124938
125427
125070
125890
125648
125576
125482
126450
125973
125864
125837
126298
126202
125738
126554
126396
125753
126424
126179
126441
126160
126850
126491
125818
126490
126334
126421
126411
126445
127138
126921
126754
126725
126402
126187
126084
125977
126449
125983
126317
126613
126633
126608
126195
125969
126139
126269
126119
126026
126707
126138
125863
125377
125866
125240
125653
126101
124917
125119
124801
124319
124265
122868
122065
121177
119124
118046
116441
116274
117220
118615
120398
121482
122211
123560
124220
124619
125090
124875
125380
125658
126024
124955
125949
126351
125977
126615
125938
126315
125988
126128
126448
125863
126949
126107
127035
126796
127191
125979
125715
126941
126765
126463
126797
126541
127049
126398
126122
127031
126582
126893
126882
126935
126924
126676
126058
126823
126870
126925
126924
126248
125921
126243
126494
126360
126335
126930
126789
126211
126461
127159
126869
126700
125796
126959
126174
126328
126833
125608
125997
125777
125441
125072
123749
123325
122455
121648
121971
122913
123700
124303
125013
125281
125830
125791
126176
125932
126658
126158
126812
126105
126218
126483
126489
127101
126931
127183
126424
126245
126464
126904
126900
126760
127371
127003
126803
127209
126763
126687
126720
127261
126996
126933
126744
127322
127603
127434
126628
126785
127193
126917
127355
127021
125983
126368
126360
126808
127130
126083
125413
125167
124784
123914
123419
122656
122992
122524
123069
123857
124469
124599
125225
126248
125801
126080
125783
126784
127310
126219
126793
126835
126379
127179
126538
127353
127380
127020
127746
127464
127253
128022
127442
127023
127125
126558
127281
127039
127113
127310
127490
127363
126836
127401
127093
127392
127243
127586
127521
126794
127608
126774
126756
126882
127314
127364
126960
127043
126984
127338
127458
127522
127298
127255
126749
126816
126878
126905
126104
126219
125806
126988
126719
126877
126490
126213
125692
124862
124386
123783
123672
121925
120388
118583
116897
116448
117186
118772
120287
121156
123313
123710
124685
125166
125561
125867
126480
126482
126730
126000
126739
127290
126842
126836
126887
127233
127164
127255
126979
127517
128109
127118
127121
127372
127275
127271
127247
127421
127689
127215
127489
127102
127761
127686
127371
126620
126249
127196
127236
127674
127615
127674
127607
127119
127288
127882
127138
127306
127051
127519
127501
127206
127033
127103
127391
127283
126781
126776
126751
126134
126612
126616
126367
126461
125599
125427
124917
123812
123954
122309
120542
119436
117076
116348
115769
116733
118179
119129
121997
122714
124408
125696
125182
125757
125630
126542
126069
127328
126321
127265
126770
126833
127566
127437
127433
127310
127641
127351
127261
127655
127472
127001
127165
127663
127827
127494
127593
127825
126948
127028
127578
127629
127656
128013
127174
127843
127617
128049
127388
127511
127944
127993
127539
127660
127637
127864
128030
127302
127597
127219
128018
127620
126930
127805
127619
128308
127455
127936
127353
128197
126078
127085
127105
127358
127443
127224
127701
127583
127260
126890
127510
127630
127529
127031
127117
127365
127129
127010
127323
126590
127371
128156
127303
126931
127227
128032
127004
127371
127868
127561
127264
127787
127172
126721
127318
127186
127040
127840
127524
127417
126131
127097
127292
126713
127045
127092
126443
126624
126391
125786
125806
126340
125321
124875
125381
124641
123491
122546
120850
120344
117537
116508
115403
115568
116897
118519
120285
121880
122848
124053
124757
125138
125467
125649
126602
125884
125586
125737
126417
126585
127087
127147
126859
126974
126612
126642
126087
126743
126730
127321
127381
126709
127318
126194
127242
127368
126910
127197
126429
127465
127272
128047
126776
126906
126852
127031
126870
126060
127048
126688
127125
126928
126733
126250
127044
127334
126538
126838
126568
127191
125885
126605
126332
127525
127194
125532
126271
126007
126781
125969
125948
125260
125254
124591
125500
124480
122380
122350
120541
118487
117630
116740
116957
117938
119595
120928
122248
123555
123523
125381
125425
125464
125017
125395
125705
126619
126279
125805
126656
126660
126463
126516
126989
126788
126258
126415
127348
126736
127010
126805
126491
126686
126912
127143
127055
127377
126692
126778
127019
127347
126678
126729
126457
126749
126551
127096
126766
126755
126498
127419
126906
127020
126790
127140
126560
126913
126360
126454
126457
126811
127225
126873
126606
126775
126165
126995
126574
126291
126015
126277
126265
126509
126156
126130
125458
125498
124586
124583
123601
122458
122002
122178
121643
123000
123423
124871
124854
125401
126409
126386
126179
126083
126382
125942
126288
126469
125234
126169
126177
125351
126327
125758
126903
126739
126882
126445
126983
126358
126420
126309
126155
126695
126645
126273
126552
126370
126948
126633
126226
126622
126381
126693
126747
126108
126053
126268
125715
125003
125962
125999
125502
125698
125072
125037
125298
125178
123744
123128
122468
121602
121794
122339
122981
122873
124538
124470
124911
125855
125820
126122
125650
125541
126139
126397
126107
126236
125752
126465
125796
126689
126062
126610
126330
126173
126426
126238
126022
126556
126039
126852
126057
126439
126642
125849
126638
126479
125607
126094
126574
126605
126498
126502
125943
126617
126420
126922
125603
126361
125784
126302
126527
126064
126006
126604
125910
126193
125693
125237
126939
126187
125563
126007
125201
125375
125671
125117
125797
125457
124824
125302
124079
124647
123184
123006
121738
120110
119314
117998
116134
115609
116537
117546
119391
120955
122185
122658
123543
124459
124225
124286
125046
125405
125311
125239
125194
124660
125212
125202
125699
126021
125996
125854
125534
126057
125556
125738
126000
126140
126294
126225
126189
125852
125758
125980
126099
126376
125715
126187
125906
125754
125645
126792
126154
126094
125545
125588
125974
125500
125977
125826
126458
125909
125181
124737
125604
126051
125939
125885
125083
125692
125084
125249
125476
124985
125622
124935
124500
124617
124540
124128
123645
122821
122139
120939
119214
118306
115485
114754
113872
114916
116346
118406
120285
120681
121917
123232
123598
124077
124378
124991
125007
125335
125178
124655
125136
125853
125390
125584
125772
125700
126060
125968
125484
125979
125558
126087
126447
126579
125812
125165
126003
125947
125295
125909
125976
125702
125394
126220
126126
126463
125431
126230
125752
125714
126504
125658
125977
126554
125969
126217
126174
126266
126071
125577
126103
125719
125734
126565
126643
125858
125658
125574
126306
126150
126697
126293
125252
126533
126325
127112
125534
126098
127316
