50876
50598
50783
50858
51150
50612
50549
50766
50987
50649
50521
50821
50619
50589
51215
50779
50623
50949
50628
50711
50577
51132
50955
50981
50756
51011
51026
50658
51050
50977
51024
50695
50732
51096
50785
50727
50734
50684
50756
50795
50992
50912
50762
50921
50940
50828
50329
50933
50510
50504
50375
51132
50368
50270
50064
49838
50080
50131
49780
49574
49938
49799
49450
49363
48468
48167
47318
46286
45757
45070
44614
44190
45057
45538
46498
47379
47929
48309
48579
49290
49393
49236
49418
49622
50121
49995
49987
50062
50012
50390
50237
50496
50391
49948
50602
50896
50796
50748
50739
50335
50887
50633
50590
50715
51030
50796
50491
50684
51314
50893
50765
50756
51211
50733
50817
50403
50853
50576
50518
50710
51059
50512
50783
50139
50777
50889
50787
50774
50675
50517
50584
50392
50249
50822
50610
50623
50033
50450
49895
50003
49886
49406
49307
49503
48758
48071
47800
46573
45679
44988
44973
45656
46628
47146
47681
48503
48853
49384
49304
49750
49905
50107
50425
50175
50492
49964
50615
50963
50509
51007
50708
50641
50869
50886
50614
50581
50926
50651
50564
50957
51131
50909
51450
50521
50958
50935
51201
50856
51000
50998
50963
50771
51199
51004
51106
51385
51245
50976
50594
51420
50791
51281
51003
51057
50875
50892
50964
50842
50698
50297
51316
50995
50623
51194
50935
50668
50375
50916
50306
50577
50557
50217
50210
50039
49570
49070
48457
48150
47666
47581
48123
48566
49255
49753
49952
50308
50188
50406
50534
51128
50688
50782
50725
51020
50732
50593
50734
51225
50553
50805
51328
51029
51157
51059
51090
50922
50654
51225
51053
50788
50664
51050
50972
51142
50976
50798
50618
50954
51296
50700
51076
50767
50980
50931
51162
51034
50493
50648
50375
50727
50254
50405
49828
49272
49067
48469
48058
48011
47891
48691
48815
49405
49525
50244
50294
50249
50552
50518
50796
51650
51086
50652
50696
50998
51471
51335
51132
51080
50725
50809
50505
50818
51026
50898
51064
51140
51111
51222
51181
51102
50948
51693
50952
51195
51003
51652
51029
51200
50849
51337
51092
51111
51201
50794
50604
51089
51188
50666
51089
50918
51199
50996
51045
50900
50881
51118
51008
50725
51063
51141
50757
51159
50579
50513
50736
50346
50476
49771
49705
49467
49067
48656
48056
47172
46620
45744
45591
45846
46218
47405
47774
48927
49417
49834
50465
50118
50768
50313
50758
50754
50940
50480
51229
50664
51318
51483
50813
50812
51022
50924
51236
51122
51108
50917
51049
51028
51217
51552
51319
51355
50737
51066
51094
51271
51411
50912
51061
50965
50884
51076
51186
51293
51111
51102
51330
51315
51298
51158
51211
50974
50764
51037
51203
50934
50621
50192
50845
50542
50521
50127
49975
50237
49974
50109
49996
49827
49686
49421
48966
48379
47655
47317
45936
45304
44835
44707
45185
46010
46833
47220
48096
48534
49720
49550
50151
50167
50697
50227
50566
50679
51059
50861
51078
51092
51084
51087
50823
51020
51338
51249
51188
51523
51158
51218
51411
51258
51313
51516
51332
51160
51344
51190
51203
51068
51242
51543
51737
51121
51432
51384
50947
51404
51045
51608
51030
50974
51330
51071
51235
51323
51238
51624
51117
51403
51286
51477
51331
51537
51431
50920
51004
50783
51262
51087
51481
51322
51867
51261
51539
51668
51000
51133
51619
51375
51341
51259
51193
50891
51122
51028
51241
51206
50864
51258
51068
51270
51054
51548
50794
51060
51169
50987
51412
50839
50914
50785
51040
50871
51030
50876
50910
51058
51099
50841
50717
50984
50476
50441
51335
50391
50556
50440
49979
49875
49869
50029
49036
48525
48047
47168
46298
45582
44975
44951
44643
45437
45951
46856
47801
48236
49032
49005
49593
49683
49486
50122
50055
50549
50292
50195
50287
50572
50489
50817
50652
50909
50910
51118
51296
50893
51365
50731
51143
50755
51087
50930
51091
51213
51100
50958
50943
50832
50822
51103
51077
50967
50968
51146
51444
51061
50972
50941
51120
50716
51216
51280
50698
51193
50946
51154
50748
50607
51061
50606
50556
50503
50694
50942
51031
50304
50279
50597
50328
50056
49537
49453
49237
48528
48287
47574
46749
46055
45216
45210
45645
46992
47733
48257
48899
49065
49325
49552
50140
49775
50403
50485
50563
51241
50505
50749
50221
50627
50674
50538
50793
50968
51133
51053
50679
51066
50964
51049
51180
51189
50914
51064
50879
51126
51237
50738
51186
51293
51134
51092
50961
50750
51327
50843
51226
51318
50714
51014
50888
50826
50997
50908
51007
51012
51092
50956
50923
51277
51053
50548
50474
50763
50595
50977
50053
50769
50438
50751
50597
50514
50280
50626
49816
49524
49324
48386
47827
48096
47630
47932
48406
49264
49376
49347
50095
49984
50117
50304
50530
50497
49840
50620
50383
50951
51252
50623
50735
50374
50411
50218
50895
50950
51057
50925
50676
50806
50427
50381
51121
51100
51385
50614
50187
50684
50784
50677
50810
50657
50843
50802
50421
49923
50775
50503
50831
50765
50529
50479
50209
49984
50167
49641
49416
49076
48608
47889
48132
47892
47672
48275
48667
49039
49881
50071
50148
50450
50351
50260
49907
50372
50531
50484
50275
50348
50658
50731
50930
50660
50727
50621
50776
50538
50899
50526
50368
50894
50857
50743
50913
50880
51120
50693
50942
50494
50674
50505
51069
50628
51123
50580
50452
51289
50830
50633
50736
50752
50866
50532
51262
50501
50910
50566
50840
50462
50513
50184
50665
50717
50403
50407
50175
50447
50129
50197
49952
50157
50060
49695
49239
48719
48580
47846
47385
46838
46649
45454
45046
46007
46168
47194
47709
48200
49015
49427
49334
50052
49511
49976
50057
50181
49857
50109
50415
50018
50442
50181
50013
50743
50364
50223
50180
50897
50501
50740
50499
51121
50693
50421
50848
50606
50485
50483
50245
50526
50520
50532
50495
50435
50626
50139
50739
49966
50533
50888
50887
50551
50640
50483
50530
50151
50582
50010
50330
50035
50285
49866
50075
50248
50246
49764
49993
49687
49681
49685
49252
49227
49114
48832
48193
47937
47289
46921
45597
44447
44225
44050
44756
44771
45869
47059
47541
47955
49019
48990
49500
49543
49820
49839
50014
49551
50234
49922
49967
50164
49753
50095
50379
50728
50332
50472
50520
50253
50305
50460
50805
50699
50693
50700
50480
50334
50790
50665
50570
50589
50639
50589
51072
50221
50637
50507
50531
50932
51329
50597
50725
50528
50967
50536
50835
50787
50686
50557
50609
50409
50363
50717
50488
50887
50538
50469
50178
50679
50711
50273
50646
50989
50849
50606
50575
51362
