1802250
1808979
1808340
1806954
1807395
1809294
1806757
1808740
1808563
1806851
1805947
1808409
1809908
1808058
1807664
1806985
1808383
1808307
1812769
1808636
1808421
1807872
1808074
1809696
1807242
1810232
1808090
1812198
1809371
1811086
1810405
1810988
1809157
1808379
1809082
1810293
1811879
1810444
1809711
1806455
1809227
1808917
1810065
1812186
1810402
1810527
1810497
1812235
1810764
1811588
1811569
1811988
1809566
1811575
1813633
1811594
1809555
1811322
1810713
1810655
1811081
1810302
1809949
1810389
1810111
1811579
1811080
1811360
1809717
1811423
1809195
1809552
1813136
1812609
1808824
1811734
1812563
1811404
1812591
1810384
1810373
1812320
1812279
1810863
1809397
1811713
1811256
1812305
1810639
1811766
1810866
1813100
1811150
1812948
1810404
1812584
1810260
1812806
1812125
1814068
1812208
1811172
1811242
1809302
1813087
1813053
1810349
1813891
1812313
1812383
1813248
1813381
1812113
1815285
1812879
1814771
1814174
1812995
1812041
1812595
1811526
1814263
1814737
1813723
1813967
1814155
1812158
1814940
1812838
1813106
1811292
1814544
1811580
1812693
1815033
1813754
1815039
1813230
1814017
1813825
1814369
1812388
1814704
1815248
1811812
1813122
1813639
1813382
1816086
1815216
1812756
1812703
1813010
1810435
1817784
1812111
1812944
1813947
1813649
1812076
1813264
1813271
1813788
1811384
1814586
1812042
1814662
1811975
1810336
1811841
1811982
1811089
1811023
1811324
1811391
1808033
1806205
1802832
1798450
1794685
1787496
1775597
1750462
1702684
1639592
1607625
1659895
1725691
1758688
1773332
1784282
1791711
1796747
1800170
1803512
1807459
1807473
1807964
1809150
1809696
1808852
1808368
1808723
1809710
1809305
1809211
1807990
1803246
1802358
1795135
1789661
1777873
1752379
1701483
1647591
1648240
1707870
1754941
1779046
1792555
1803247
1804931
1808319
1808414
1810641
1812687
1810944
1814690
1811729
1813276
1815584
1813184
1810928
1814358
1812306
1812993
1813439
1808400
1807323
1802996
1800544
1788096
1765382
1731010
1716062
1735543
1770341
1790614
1801704
1807047
1808071
1814798
1811384
1811644
1814783
1814979
1813299
1813187
1811916
1809796
1807449
1806278
1801692
1788186
1759125
1724641
1714370
1754771
1781451
1799115
1804624
1809414
1813190
1814452
1813742
1812161
1814797
1816700
1813680
1812981
1813785
1815554
1814757
1813925
1813817
1814962
1813258
1809072
1811074
1805196
1796845
1789149
1775506
1750179
1705426
1647714
1656082
1717092
1762978
1784772
1796634
1804557
1809928
1810720
1814427
1813409
1810976
1813260
1815219
1813839
1813517
1815669
1813902
1815690
1811474
1813152
1808806
1803766
1797754
1791491
1784019
1772589
1752286
1709277
1645646
1609271
1652995
1722886
1764277
1787669
1798665
1803523
1809385
1809136
1812136
1814152
1813717
1816332
1817190
1815388
1816566
1820173
1820172
1818803
1819931
1818289
1820328
1820191
1819646
1823122
1821655
1821167
1820670
1823152
1821006
1822088
1820964
1821902
1821819
1820374
1821875
1820706
1822216
1821844
1821415
1822292
1822121
1822447
1820157
1822866
1824132
1820375
1825567
1825430
1822435
1820930
1823061
1824325
1823193
1824642
1821816
1825314
1824792
1825071
1823170
1823309
1822809
1824738
1821842
1824619
1822152
1821526
1824407
1823496
1823499
1823007
1821984
1824499
1823022
1822449
1821463
1824789
1824683
1825320
1822834
1823269
1822894
1821555
1821900
1824601
1822119
1825336
1824257
1823601
1823494
1825112
1824101
1825339
1820113
1823992
1823145
1825256
1822707
1827136
1823140
1824600
1825305
1823479
1824308
1823599
1822365
1825758
1824029
1821869
1825230
1823673
1824585
1823850
1822504
1825360
1822811
1822957
1825383
1823461
1823387
1822887
1823300
1823324
1826178
1824851
1824091
1826413
1824649
1825446
1824130
1823815
1824765
1825091
1825706
1826282
1825419
1820782
1824368
1827420
1822354
1823411
1825022
1824123
1824884
1822147
1824330
1825098
1824352
1825427
1825044
1824937
1823500
1825319
1823798
1825482
1821210
1824277
1824331
1825627
1824305
1825318
1824971
1825869
1825220
1825608
1825173
1823314
1825820
1826612
1822980
1825435
1824691
1823800
1824105
1825514
1823534
1822644
1825374
1823108
1825826
1824358
1824501
1826874
1823008
1826064
1822104
1807412
1817682
1817249
1819391
1823287
1819932
1817929
1819175
1819644
1821330
1817389
1820489
1818959
1820176
1817987
1816364
1819408
1817032
1818423
1816062
1813821
1818602
1818991
1818940
1818543
1817869
1814761
1819281
1819497
1816326
1814281
1819391
1816644
1815655
1814827
1816698
1816919
1818136
1816595
1816404
1813939
1817113
1814718
1816068
1817009
1817157
1814453
1815553
1813919
1814592
1816808
1817304
1818777
1813260
1815188
1815889
1816346
1816628
1816969
1815321
1817768
1818017
1814852
1813756
1815945
1818160
1818321
1816588
1816084
1818762
1816652
1815511
1815029
1814199
1816668
1814981
1817243
1815701
1814401
1816788
1815009
1816176
1819025
1817654
1818566
1813891
1813967
1815079
1814373
1814919
1814974
1817422
1816550
1816750
1816045
1815894
1815731
1817511
1812860
1815341
1815532
1817947
1816589
1814776
1815521
1814475
1814529
1814488
1816674
1816462
1814644
1814975
1817078
1815647
1814815
1815232
1816069
1814931
1813176
1815624
1813401
1817234
1813620
1814903
1812915
1812468
1814399
1814415
1814186
1814100
1813968
1816041
1810875
1814043
1811951
1812882
1812627
1812846
1813441
1814054
1811529
1814883
1813205
1814577
1813991
1814010
1811604
1810769
1810898
1812246
1813048
1812267
1811533
1813535
1811424
1815196
1810114
1811266
1807647
1813153
1810904
1811559
1810959
1811913
1808133
1809807
1806838
1808478
1807956
1807199
1805504
1802991
1801525
1798431
1793514
1783833
1775135
1753346
1714413
1651361
1605305
1623754
1682095
1731370
1754801
1767475
1777038
1784774
1789235
1797875
1802222
1801612
1802978
1805430
1804987
1804022
1803075
1806053
1801109
1804002
1802872
1802170
1800480
1798785
1795488
1791463
1785138
1769594
1745772
1699125
1641923
1635407
1687752
1735612
1762485
1779284
1785454
1793796
1796899
1800279
1800430
1801977
1802979
1805906
1802751
1803986
1801770
1803954
1803975
1802616
1804378
1804067
1800617
1798980
1800157
1799918
1794248
1788792
1772707
1745241
1706583
1703547
1737243
1769547
1785201
1794083
1796743
1799625
1801998
1799767
1801537
1802436
1804433
1802931
1803155
1798980
1803554
1799432
1796132
1789986
1783004
1764829
1730188
1695905
1717522
1760108
1779880
1789251
1793450
1795602
1799140
1801100
1797182
1801238
1802683
1801299
1803360
1802040
1803009
1800346
1799225
1801428
1798923
1798246
1794440
1795638
1790159
1790007
1780543
1772631
1754106
1728588
1679481
1624019
1637629
1697412
1741196
1765380
1778089
1785442
1791365
1794868
1793510
1795723
1795480
1799978
1799011
1798741
1797314
1797663
1796761
1797315
1796813
1794617
1792796
1791245
1786610
1779727
1771396
1762802
1749566
1720428
1668879
1605160
1594355
1648931
1712361
1746675
1768118
1778799
1785212
1788974
1791861
1793949
1796158
1798728
1799072
1800140
1801233
1800104
1802031
1801559
1800829
1799744
1800818
1801626
1798425
1800923
1801086
1797004
1803065
1802454
1799735
1800759
1802519
1801170
1801691
1801558
1801671
1799501
1801907
1802700
1800990
1800857
1799350
1799387
1802070
1800112
1800817
1802238
1800558
1801254
1799990
1800351
1799346
1799436
1801996
1801188
1800253
1798482
1798177
1802172
1801925
1802524
1801365
1799607
1799943
1800942
1799489
1798418
1801483
1800619
1800365
1799268
1801420
1799690
1801065
1802011
1797710
1800837
1800439
1800231
1800686
1799255
1800385
1799985
1800677
1800041
1800797
1802171
1800036
1800049
1799877
1802165
1803154
1801741
1798610
1802224
1798742
1798531
1800846
1800820
1796166
1799488
1798477
1800569
1800030
1800425
1798688
1799158
1800071
1798152
1796783
1799032
1799748
1799030
1799540
1797762
1802073
1799960
1798368
1800211
1801744
1799060
1799786
1797518
1798884
1801307
1800034
1798896
1800708
1800700
1800219
1797220
1799512
1801304
1796216
1798925
1798328
1802497
1800987
1800244
1798483
1803487
1798589
1801367
1800031
1799666
1799831
1799323
1801157
1799733
1800008
1800125
1799863
1799988
1799770
1798411
1801343
1800468
1797940
1796133
1799285
1798951
1800062
1799481
1799400
1803705
1800526
1801179
1799186
1800904
1798756
1802049
1798484
1796799
1797690
1798558
1797968
1799183
1800465
1800864
1799539
1799943
1800193
1800843
1797041
1800155
1798789
1799312
1799859
1797915
1819301
