9218
9100
9046
8989
8966
9013
9228
9135
9077
9147
9079
9087
9078
8894
9128
8996
9043
9038
9104
9201
8991
9100
9008
9190
9080
8892
8993
9202
9108
9060
9196
9347
9235
9000
9019
9137
9011
9102
9028
9149
9093
9202
9016
9014
9226
9233
9114
9034
9011
9027
9113
9165
8981
8960
9055
9184
9025
9155
8919
9054
8966
9132
8996
9117
9091
9120
9115
9077
9080
9011
8954
8993
9137
9143
8925
9394
8962
8954
9122
9107
9166
9079
9113
9095
9015
9193
9136
9093
9051
9012
9001
9144
9092
9229
8976
9053
9131
9156
9183
9036
9002
9159
9094
9126
9098
9163
9205
9120
9011
9078
9100
8993
9177
9019
8987
8901
8902
9089
9205
9081
9043
9040
8976
9049
9078
9045
9041
8995
8953
9119
9140
9037
9099
9082
8971
8992
9260
9063
9108
9088
8919
9052
9071
9228
9152
9099
8988
9078
9014
9042
8971
8978
8996
9064
8981
9057
9054
9095
9163
9138
9135
9099
9020
8906
8961
9093
9096
9026
9050
9095
8935
9111
9026
9214
9073
9130
9099
9089
9014
9175
9060
9027
8970
9306
8967
9068
9001
9037
9098
9040
9162
8988
9206
9112
9028
9060
8999
9166
9097
8934
8975
9202
9224
9231
9148
8963
9096
9097
8916
9025
8976
9111
9019
9154
9233
9339
9152
9176
9150
9037
9107
9017
9022
9063
9118
9021
9110
9140
9058
8995
8856
9120
9072
9258
9059
9026
8847
9275
9148
9081
9098
9287
9017
9066
9077
8996
9101
9087
9108
9228
8959
9145
9013
9120
9287
9130
8895
8960
9013
9127
9070
9169
9078
8987
8893
9088
9133
9114
9124
9131
9090
9066
9054
8962
8991
9119
9045
9172
9160
9089
9177
9126
9004
9202
9161
8936
9105
9053
9234
9039
8985
9139
9249
9122
9032
9177
8976
9113
9067
8948
9263
9132
9002
9062
9071
9044
8981
9124
9012
9053
9093
9002
9182
9073
9150
9117
9122
9208
8963
9179
8927
9008
9162
8901
9004
9107
9021
9082
9081
9101
9040
9235
9279
8986
9007
9083
9201
9133
9027
9225
9163
9358
9191
9145
9081
9001
8975
9088
9167
9153
9226
9130
9206
9201
9056
9128
9012
9150
9255
9331
9072
9172
8994
9201
9152
9116
9037
9049
9164
9010
9044
9004
9092
9055
9062
8989
9116
9094
9086
9301
9151
9278
8984
9159
9052
9088
8997
9221
9100
9230
9055
8997
9092
9132
9162
8923
9181
9049
9002
9172
9078
9015
9168
8943
9113
9080
9145
9024
9160
9065
9338
9132
8953
9313
9080
8890
8977
9147
9219
9164
9044
8947
9200
8867
9066
9100
8990
9187
9092
9139
8998
9336
9167
9149
9001
9129
9165
9145
9137
9146
9221
9198
9329
9089
9128
9328
9306
9136
9210
8987
9196
8942
9182
9263
9167
9080
9108
9249
9103
9093
9029
9104
9069
9070
9061
9139
9062
9200
9014
8919
9181
9226
9221
9118
9177
9047
9207
9197
9142
9027
9290
9119
9031
9154
9106
9059
9257
9295
9013
8907
9266
9141
8901
9186
9153
9201
9117
9091
9174
9226
9076
9136
9195
9285
8951
9098
9192
9106
9204
9114
9235
9092
9099
9200
9206
9304
9174
9077
9088
9064
9089
9069
9092
8987
9049
8840
9125
9188
9110
9251
9169
9039
9310
9059
9195
9241
9186
9226
9063
9082
9128
9105
9139
9357
9268
9216
9186
8913
9093
9144
9023
9151
9035
9067
9153
9094
9261
9021
9075
9307
9105
9179
9136
9132
9049
9233
9257
9030
9215
9156
9100
9199
9092
9204
9217
9212
9037
9133
9192
9098
8951
9139
8925
9002
9083
9097
9153
9090
9100
9124
9077
9293
9148
9081
9263
9286
9219
9157
9148
9127
9105
9277
9109
9190
9236
9002
9074
9147
9139
9022
9139
9042
9273
9214
9066
9195
9128
9113
9218
9314
9315
9255
9013
9227
9282
9021
9351
9235
9231
9217
9233
9025
8981
9255
9158
9172
9085
9106
9248
9132
9140
9097
9268
9082
9107
9058
9146
9112
9135
9039
9263
9220
9245
9170
9235
9177
9265
9198
9319
9169
9023
9114
8958
9010
9261
9037
9246
9206
9098
9222
9148
9038
8971
9182
9057
9214
9263
9144
9114
9109
9127
9123
9154
9199
9158
9143
9226
9111
9112
9248
9063
9133
9189
9128
9187
9144
9198
9281
8946
9082
9202
9170
9015
9116
9186
9152
9223
9089
9225
9141
9179
9037
9189
9127
9256
9169
9157
9170
9087
9203
9248
9180
9276
9014
9110
9102
9146
9137
9128
9187
8984
9065
9162
9255
9369
9128
9247
9085
9076
9153
9040
9009
9240
9104
9278
9124
9018
9103
9188
9065
9031
9147
9156
9016
9119
9213
9170
9072
9056
9199
9174
9297
9106
9292
9174
9103
9042
9232
9200
9277
9010
9201
9132
9072
9199
9340
9193
9168
9029
8910
9117
9151
9048
9108
9192
9026
9128
9168
9039
9089
9048
8989
9187
9121
9162
9174
9120
9260
9150
9235
9277
9289
8995
9186
9063
9167
9174
8883
9226
9146
9013
9152
9031
9077
9175
9051
9244
9052
9119
9186
9112
9029
9184
9091
9200
9132
9248
8822
9187
9135
9075
9155
9221
9108
9133
9168
9175
9155
9068
9164
9269
9097
9132
9014
9063
9058
9254
9167
9178
9122
9134
9052
9132
9130
9059
9234
9231
9147
9099
9176
9234
9023
9062
9203
9042
9059
9207
9177
9222
9124
9156
9040
9065
9072
9299
9091
9122
9142
9115
9133
9239
9186
9020
9124
9212
9024
9230
9238
9054
9215
9066
9299
9014
9011
9120
9194
9100
9349
9046
9135
9078
9149
9086
9143
9130
9127
9084
9151
9133
9122
9061
9115
9144
8857
9123
8970
9147
9321
9057
9319
9187
9178
8991
9262
9143
9206
8931
8915
9044
8972
9153
9218
9069
9114
9233
8976
9022
9025
9076
9138
9034
9136
9224
9091
9079
9031
9025
9031
9068
8977
9074
9120
9213
9139
9148
9272
9054
9060
9252
9229
9005
9281
9280
9169
8997
8920
9041
8918
9215
9266
9126
9093
9046
9166
9117
9028
9096
9134
9117
8979
9159
9028
9148
9007
9259
9097
9112
9097
9040
9224
9097
9091
9159
9012
9020
9272
9151
9019
9055
9079
9270
9134
9289
9054
9142
9270
8898
9301
9108
9079
9008
9095
8983
9163
9175
9165
9217
9121
8922
9061
9144
9129
9074
9137
