8656
8657
8567
8655
8625
8481
8653
8565
8627
8685
8695
8590
8652
8505
8495
8597
8562
8760
8799
8574
8647
8563
8670
8804
8620
8759
8656
8776
8624
8708
8699
8761
8594
8561
8673
8656
8683
8699
8732
8631
8618
8702
8554
8812
8677
8798
8655
8626
8683
8779
8673
8614
8644
8629
8807
8546
8605
8673
8674
8751
8799
8692
8720
8609
8626
8607
8719
8553
8585
8740
8689
8740
8709
8732
8830
8607
8658
8802
8591
8693
8664
8513
8599
8656
8644
8711
8743
8897
8773
8755
8632
8654
8707
8703
8661
8500
8589
8558
8816
8758
8578
8606
8495
8730
8666
8484
8569
8945
8740
8651
8701
8685
8493
8577
8712
8763
8648
8555
8688
8567
8575
8643
8570
8574
8734
8704
8790
8626
8746
8685
8833
8616
8689
8748
8600
8597
8742
8461
8860
8876
8740
8740
8596
8679
8654
8669
8648
8601
8641
8602
8904
8743
8690
8796
8806
8827
8778
8577
8738
8683
8934
8605
8745
8742
8620
8682
8530
8641
8763
8703
8628
8836
8650
8756
8617
8729
8731
8745
8724
8612
8736
8758
8751
8713
8789
8762
8667
8532
8593
8604
8587
8682
8621
8846
8768
8589
8660
8551
8709
8769
8801
8783
8645
8665
8737
8758
8820
8724
8682
8724
8760
8709
8594
8662
8707
8614
8521
8603
8829
8676
8839
8678
8844
8759
8677
8842
8800
8580
8498
8804
8655
8697
8679
8763
8623
8702
8806
8839
8760
8735
8739
8631
8657
8647
8728
8718
8665
8701
8634
8791
8657
8702
8559
8745
8785
8732
8594
8724
8675
8698
8798
8635
8741
8725
8878
8724
8586
8766
8911
8782
8632
8694
8666
8771
8701
8590
8593
8658
8802
8686
8651
8773
8767
8652
8745
8736
8695
8512
8725
8625
8658
8789
8739
8709
8884
8429
8651
8785
8814
8625
8608
8825
8735
8733
8755
8573
8731
8797
8787
8724
8757
8569
8705
8912
8728
8565
8759
8509
8718
8683
8694
8815
8990
8765
8677
8909
8759
8778
8748
8719
8613
8644
8567
8577
8675
8748
8812
8743
8653
8541
8930
8840
8918
8817
8745
8589
8753
8628
8820
8939
8765
8960
8754
8564
8876
8813
8732
8859
8712
8742
8762
8572
8880
8721
8585
8780
8788
8768
8761
8829
8727
8823
8869
8723
8753
8879
8869
8642
8748
8642
8775
8826
8534
8747
8752
8870
8767
8726
8546
8840
8639
8785
8825
8969
8739
9050
8737
8750
8854
8719
8643
8831
8728
8759
8883
8749
8654
8785
8684
8690
8753
8725
8740
8904
8665
8727
8590
8673
8655
8739
8616
8683
8723
8797
8703
8845
8881
8491
8681
8801
8697
8947
8612
8621
8756
8687
8864
8586
8872
8680
8859
8843
8680
8753
8841
8672
8661
8691
8612
8900
8584
8876
8681
8937
8650
8758
8792
8904
8671
8684
8787
8787
8745
8826
8767
8823
8604
8804
8712
8896
8764
8794
8750
8940
8748
8800
8653
8904
8676
8718
8749
8757
8732
8778
8795
8610
8695
8717
8807
8709
8652
8605
8618
8812
8747
8675
8920
8840
8861
8702
8810
8867
8835
8673
8760
8738
8850
8701
8659
8886
8579
8617
8752
8612
8767
8860
8809
8680
8857
8590
8867
8599
8612
8716
8732
8717
8688
8724
8660
8638
8770
8737
8780
8692
8836
8685
8818
8678
8788
8591
8763
8813
8749
8678
8602
8807
8697
8678
8650
8659
8554
8804
8657
8588
8588
8919
8655
8759
8632
8825
8551
8732
8646
8732
8764
8671
8754
8882
8551
8519
8757
8662
8644
8681
8647
8638
8733
8609
8612
8657
8725
8650
8652
8577
8672
8628
8714
8760
8551
8698
8604
8570
8668
8679
8602
8625
8634
8732
8791
8813
8836
8817
8728
8746
8784
8795
8556
8891
8794
8685
8616
8588
8734
8875
8666
8820
8632
8720
8819
8628
8837
8616
8585
8676
8832
8678
8656
8650
8608
8760
8762
8769
8696
8640
8610
8594
8668
8546
8584
8721
8462
8554
8643
8692
8645
8639
8564
8674
8494
8553
8769
8639
8445
8657
8719
8566
8631
8733
8565
8573
8589
8685
8574
8610
8678
8784
8675
8572
8660
8750
8682
8681
8595
8670
8678
8558
8679
8646
8632
8756
8629
8704
8620
8608
8664
8582
8731
8723
8597
8674
8565
8721
8618
8781
8721
8716
8839
8625
8764
8725
8704
8618
8782
8684
8804
8773
8679
8620
8525
8775
8554
8659
8870
8706
8599
8667
8739
8668
8597
8742
8602
8614
8888
8741
8706
8703
8783
8680
8636
8769
8641
8657
8794
8633
8626
8666
8708
8686
8700
8703
8493
8535
8587
8603
8749
8544
8380
8649
8641
8723
8610
8667
8664
8593
8606
8490
8744
8577
8690
8593
8636
8631
8723
8537
8649
8778
8726
8575
8518
8885
8649
8684
8640
8641
8729
8615
8736
8730
8417
8711
8560
8626
8647
8747
8681
8732
8758
8654
8798
8720
8642
8671
8702
8626
8632
8782
8603
8658
8637
8714
8723
8666
8628
8791
8680
8670
8604
8665
8696
8649
8591
8757
8631
8726
8563
8734
8584
8648
8820
8556
8576
8730
8663
8754
8522
8669
8738
8763
8562
8622
8628
8710
8704
8795
8522
8875
8682
8675
8611
8639
8412
8601
8586
8550
8530
8647
8623
8703
8657
8553
8702
8694
8696
8622
8634
8746
8805
8723
8515
8560
8732
8606
8640
8450
8433
8640
8637
8681
8709
8714
8619
8491
8590
8786
8693
8624
8754
8444
8713
8644
8680
8551
8665
8669
8502
8432
8635
8891
8488
8492
8787
8627
8646
8669
8569
8499
8602
8664
8625
8726
8612
8711
8670
8740
8662
8552
8708
8674
8587
8617
8687
8554
8568
8631
8745
8619
8542
8661
8846
8492
8485
8394
8694
8542
8652
8679
8584
8597
8677
8459
8613
8714
8578
8703
8602
8554
8667
8681
8511
8595
8595
8527
8446
8410
8754
8720
8559
8619
8580
8663
8602
8632
8538
8538
8470
8656
8578
8540
8545
8676
8604
8621
8373
8626
8699
8706
8705
8715
8726
8796
8634
8500
8644
8722
8468
8731
8495
8596
8716
8743
8588
8429
8714
8486
8558
8814
8637
8577
8669
8512
8649
8540
8584
8602
8689
8570
8493
8630
8557
8555
8621
8607
8582
8618
8543
8576
8764
8694
8586
8630
8667
8741
8660
8661
8712
8658
8568
8577
8787
8642
8623
8566
8589
8739
