174211
174945
174414
174439
174339
174756
174691
174471
174679
174273
174765
175154
175042
174948
175002
175441
175003
175084
175462
175164
174628
175120
174630
175072
174452
175415
174778
175581
175886
175768
175278
174913
174171
174924
175134
175202
174643
175859
176086
175262
175684
174477
175003
175919
175936
175184
175511
174335
175743
175056
175448
175151
175038
175502
175314
175680
176796
175229
176147
175614
175773
175232
175808
175994
175259
176427
176269
175524
175243
175824
175076
174885
174258
174153
174501
174382
175665
174572
176014
175918
175363
176352
174999
175959
175586
175888
176582
175626
176158
176462
176292
175652
175782
175925
176009
176683
176493
176457
175460
176566
175866
175172
174207
175388
176723
175953
176225
176012
176234
176541
176612
177325
177105
176239
176915
176446
176133
176278
176428
175732
176378
176327
176029
177167
176843
176570
176862
176650
176966
176405
176739
175598
175761
175965
176966
176232
177552
177584
176934
176565
176709
177111
177333
177038
176607
176794
176678
176966
176918
176502
177352
176217
176928
177190
176395
176339
176945
177065
177246
176636
176991
177860
177231
177356
177644
177453
177994
177175
177220
178133
177512
176890
177676
178476
178037
176799
177504
177174
177516
176908
176589
177308
176268
175979
176202
176260
177024
176979
178303
177736
178214
177598
178104
177652
178285
177929
176791
177513
178114
177662
177843
178454
178172
178132
177752
177463
177946
178120
177487
177709
177450
177148
176712
175938
176899
177102
178253
178273
177740
178379
178107
177459
178245
177689
178824
178543
178544
178702
178393
177981
178648
178366
178013
178308
178420
178078
179121
178579
178577
178820
178142
179045
178130
177916
178456
177863
178435
178383
178290
177961
177906
178466
179233
178875
178328
178421
178721
178355
179118
178513
178795
179176
179699
178450
178097
179436
178569
179472
179293
178935
179359
179209
178902
179174
179058
178632
178752
178637
179217
179068
178896
179801
178899
179697
178969
179688
179267
179005
179221
179635
178895
179038
178644
177692
177950
177199
177274
177275
178133
179071
179431
178654
179677
179062
179081
179101
179580
179945
179346
179317
178510
179734
178767
179134
179132
179493
179385
179679
178813
179128
179654
179241
178245
177940
178102
177374
177364
178862
179315
179547
179232
179575
178940
178985
179726
178943
179840
179012
178940
179587
179188
179707
179564
180454
179262
179552
180518
180017
179197
179683
179418
178816
179010
178477
179384
178552
178775
178598
179703
179343
179638
179148
178958
179954
179771
180059
178935
178881
179902
179014
178967
180585
179643
179854
179770
179187
178990
179473
178882
178513
179831
179760
179418
179668
179811
179703
179339
179470
179304
179772
179223
179334
178984
179788
179986
179722
179304
179589
179868
179896
180076
180187
180906
179485
180124
178417
178352
178428
178677
177829
179859
179124
179698
178907
178847
179770
179336
178993
179757
179470
179304
179690
179100
179305
179740
178585
179537
179260
178888
179016
180005
179112
178628
178813
179396
178668
178258
177297
177860
177926
179315
179802
179151
178824
178927
178615
179159
179743
179135
179678
179715
180039
179857
179411
179537
178558
179662
179608
179433
178999
179347
179030
179185
178905
179600
178928
178603
179615
178842
178732
178591
178659
179064
178903
179015
179372
179766
179562
179359
179456
178939
178778
178666
178818
178832
178497
178041
179700
179109
179699
178893
178685
178216
178703
178811
178526
178966
179054
179055
179138
178243
178427
179351
178773
179048
179001
179150
178469
178665
178316
178247
174522
176764
176745
176964
177142
177285
177729
177199
177073
178247
176473
176530
176345
176252
176091
175235
177197
177017
176207
177490
176694
176760
176584
176715
176535
176454
175668
176225
176565
176596
175685
175778
175825
176524
176353
176274
176206
175771
176042
175849
176347
176539
175405
176361
176194
176199
176110
176661
176240
175962
176219
176338
176078
176181
175694
175620
175474
175829
176443
175846
175539
175399
175874
176419
175512
174218
174356
173970
174956
175569
175770
175435
174879
175910
175568
175569
176030
175895
176635
176430
176045
176492
175687
175861
175669
175279
175315
175531
175124
176382
175186
175500
175526
175351
175358
174296
174185
174669
175260
174732
175263
175374
176071
175960
174255
175115
175027
175409
174956
176058
175010
174857
175002
174951
175013
175084
175141
175335
174765
174883
174669
175552
174638
173768
175017
175232
174006
173753
174443
174563
174250
174355
174671
175273
174634
174841
174421
173971
174826
174121
174818
174964
174231
174416
173966
174339
174310
174377
173554
173794
173651
173915
173986
174102
173125
174095
174647
174478
175014
174403
173965
174229
173888
174596
173929
173997
173577
174176
174378
174349
173940
173641
174395
173338
173555
173698
173805
173877
173780
171768
172203
173095
173405
173814
173519
173954
173140
173150
173697
173695
174001
174276
173658
173875
173497
174056
174289
174266
173457
173519
173265
172942
173631
172873
172246
173376
173824
174281
173115
172508
171223
170764
171969
172676
172595
173262
172660
173069
173135
173435
173261
173692
173146
173291
172782
173155
172969
173330
173046
173388
172940
172951
172700
173102
172727
172865
172350
173124
172901
172625
173564
171350
172869
173066
172435
172673
172518
172866
173163
172842
173069
172985
172724
172883
172910
173113
172854
172150
173546
171959
172750
172811
171927
172140
172305
172074
172659
172248
172066
172479
172181
172407
172000
172834
172435
172427
172726
172708
172471
171549
172084
173049
172254
172567
172037
171779
172446
171955
172164
172230
172704
170912
171794
171354
170002
170715
172053
171199
172068
171979
171949
171556
171964
172743
172129
171353
171550
171526
171607
172925
172138
171625
171445
172203
171860
172125
172012
172181
171689
171343
171681
171825
170787
170398
169914
170685
170752
171405
171261
171419
172384
171010
171728
171255
171228
172156
171998
171620
171495
171348
171922
171695
171371
170547
171062
172765
171665
171618
171164
172114
171572
172157
170984
171171
170554
170724
170895
171189
171334
170997
171043
171206
170915
171229
171859
171270
171714
171871
171525
171574
170834
171865
172073
171394
171618
172183
171096
170870
170414
171027
170519
171198
171487
172090
171020
170851
171205
171514
171153
171290
171454
171567
171251
171796
171849
171692
171411
171744
171314
171113
171717
171783
171374
171202
171165
170938
169600
169214
170202
170870
171070
171253
170419
170866
170891
170847
170968
171621
171922
171368
171618
171652
171732
171982
172055
171139
171378
172045
170626
171223
171952
172235
171830
171627
170825
170273
169941
170233
170153
170714
171064
171236
171570
171504
171179
171528
171584
171330
172222
172154
171732
172260
172325
172111
171642
171718
171493
171786
171599
171303
171563
172051
171553
172336
172348
172214
171368
172421
171882
171391
171770
171904
172055
171862
172162
171564
172341
171738
171998
171774
172034
172320
171660
171661
170925
172264
171942
171512
172318
172322
171476
171769
172127
172258
171744
172209
172577
171472
171392
172835
172428
172687
172538
172080
172215
172526
173005
172702
172120
172094
173164
172108
177162
