1438459
1444102
1443066
1444293
1442496
1443812
1443025
1444747
1446420
1446103
1443917
1446811
1445832
1445687
1442717
1446795
1445547
1446052
1445663
1446422
1445477
1444885
1445019
1447539
1446001
1447661
1446360
1448022
1448056
1446442
1447959
1447481
1447547
1446389
1450037
1447304
1447904
1448680
1447770
1446355
1447249
1449865
1447319
1448278
1447347
1449139
1449988
1449106
1450120
1450178
1450946
1449937
1449769
1451078
1450810
1450824
1452689
1451462
1453506
1450941
1450862
1449972
1450525
1451795
1451708
1452718
1451699
1451068
1450914
1448245
1446621
1442010
1437718
1441987
1443706
1447559
1449167
1450691
1450907
1451081
1453761
1452190
1455207
1452894
1454922
1455029
1454928
1456815
1457266
1455279
1455146
1454709
1453501
1453512
1455808
1455255
1456274
1455702
1456581
1453786
1453816
1446727
1444783
1448808
1451436
1456719
1455365
1456006
1457881
1457704
1457794
1457974
1458971
1458526
1459334
1458558
1457767
1458208
1461215
1459936
1460162
1459694
1459221
1460127
1461802
1460639
1458861
1459964
1461649
1460141
1459288
1458909
1457321
1457774
1459621
1458694
1460901
1461906
1462634
1461110
1465714
1463774
1463050
1461149
1464053
1462009
1462091
1462054
1464562
1463729
1463842
1463040
1462965
1461610
1460271
1457994
1462551
1463390
1463312
1466760
1467309
1464315
1463810
1465974
1465582
1465669
1466897
1467232
1465748
1465693
1467214
1468512
1468354
1465520
1469282
1467363
1465188
1467605
1469707
1466964
1465947
1467129
1465441
1460989
1457763
1457699
1461773
1463860
1466244
1465573
1468176
1469917
1469852
1469217
1470323
1471911
1471510
1471282
1470126
1468901
1469572
1471133
1470615
1470453
1469502
1472558
1470341
1470041
1469221
1468713
1468226
1468118
1462679
1460311
1459023
1461724
1465820
1468416
1470229
1471228
1472070
1473217
1472064
1471352
1474805
1474195
1472681
1476135
1474624
1474200
1472534
1476142
1475482
1476224
1476672
1473904
1475168
1474272
1474853
1476179
1473553
1475082
1474504
1473663
1471888
1474955
1473319
1476641
1476181
1475900
1476968
1477178
1479138
1477711
1477936
1477298
1477353
1476089
1475875
1478237
1478493
1477915
1477543
1476782
1475860
1476461
1475182
1476464
1477726
1478407
1477896
1477970
1480226
1478668
1480562
1479781
1482223
1480267
1481198
1480713
1480001
1480663
1478000
1481922
1477296
1478673
1479978
1480044
1477888
1480033
1479413
1477981
1475852
1474483
1472075
1467054
1464848
1469819
1476320
1476918
1476365
1480812
1479320
1479717
1480975
1481506
1481553
1481054
1479965
1482132
1483917
1480947
1481619
1483014
1480852
1482051
1481701
1480220
1481746
1481717
1479612
1480143
1479040
1478201
1472362
1470063
1471624
1475218
1480151
1483454
1480696
1480947
1482499
1480948
1481179
1483551
1482951
1482685
1481805
1481827
1483846
1484083
1483452
1484383
1481335
1486241
1482287
1481986
1484589
1482603
1481071
1482123
1481097
1480449
1479291
1480366
1477254
1484707
1481147
1481540
1486077
1484120
1484126
1482149
1483597
1481552
1483862
1485958
1482329
1484534
1484341
1482001
1482730
1485217
1481761
1482036
1482071
1479048
1474258
1481785
1482330
1485151
1483156
1483919
1483198
1482821
1483263
1481846
1484151
1486239
1482210
1483902
1482378
1486215
1485524
1483191
1483630
1484911
1483324
1481947
1482846
1484528
1483520
1482918
1481249
1476264
1475607
1471101
1471425
1477487
1478938
1483210
1482607
1481052
1481879
1484048
1482585
1481345
1482186
1485283
1483215
1482112
1483323
1482849
1483599
1482315
1483585
1482919
1482789
1482124
1484275
1484067
1481086
1481372
1478094
1474656
1470382
1469722
1470776
1473273
1480124
1478507
1480841
1482988
1482565
1481884
1482673
1483250
1482093
1484230
1483534
1481096
1482638
1482446
1481530
1481243
1481455
1482693
1480361
1482356
1481088
1482498
1481395
1481909
1478618
1481603
1478642
1479693
1476996
1480537
1479103
1481194
1479592
1482597
1480100
1481214
1481993
1479882
1480509
1479511
1479262
1478228
1479140
1478769
1481029
1478818
1478789
1479108
1478947
1479089
1477174
1479914
1480009
1478731
1479728
1478671
1478059
1480414
1479468
1479722
1480307
1477735
1478859
1478513
1479156
1477451
1475461
1478127
1477204
1476714
1475492
1443652
1463411
1461664
1463792
1462972
1463625
1461438
1461854
1464492
1461595
1461939
1459869
1457973
1459339
1455019
1459012
1457536
1460990
1458906
1458289
1460840
1457921
1457718
1456834
1458433
1458620
1458413
1460245
1457940
1458005
1457597
1457436
1460284
1457121
1456073
1455491
1458118
1455030
1455827
1458042
1458771
1455590
1454498
1456978
1456901
1459837
1457520
1456211
1455150
1456016
1455489
1456046
1455418
1456357
1454823
1455778
1455469
1454233
1454447
1455070
1454338
1454252
1451546
1452484
1448429
1445382
1441497
1440311
1444362
1448610
1449570
1450102
1451865
1451954
1452120
1453115
1453237
1454798
1452400
1453250
1452268
1453648
1454035
1452401
1452871
1452097
1453071
1449348
1449111
1451070
1448011
1449341
1448451
1448039
1445595
1444526
1437716
1438404
1440532
1447254
1449713
1448379
1450070
1446426
1449226
1449486
1446968
1448623
1449631
1449683
1447669
1449555
1446349
1446232
1448411
1446486
1446471
1448582
1446505
1447226
1445889
1446030
1446473
1443621
1445155
1439841
1439588
1439232
1440874
1442869
1443660
1444900
1445015
1445598
1442730
1445106
1445266
1441988
1443113
1442676
1442898
1444174
1443504
1441295
1440479
1441889
1443136
1439701
1440230
1436450
1435961
1440809
1441000
1441913
1440655
1442362
1439457
1439972
1440330
1441258
1439304
1441443
1439213
1439519
1437073
1439397
1439463
1438651
1439529
1438569
1437988
1439419
1436332
1440538
1438523
1436099
1434215
1431483
1431723
1425560
1422488
1425596
1431006
1432949
1435239
1433948
1436478
1436585
1434757
1435504
1435211
1435859
1434240
1435383
1436149
1433185
1433412
1435224
1432532
1436900
1431746
1433323
1434145
1430565
1430854
1430165
1432388
1428626
1425622
1418908
1417948
1420086
1423887
1428079
1430693
1429059
1430270
1431020
1431796
1432833
1431059
1430112
1430496
1433017
1428572
1429042
1429732
1429335
1430455
1432171
1427356
1430419
1432737
1426965
1428435
1430999
1426917
1427722
1427129
1426681
1425317
1425400
1424852
1428075
1428568
1426552
1428688
1425786
1426790
1425604
1428814
1428337
1427706
1427206
1427760
1424873
1426812
1424978
1428273
1425790
1427017
1426459
1424462
1421744
1423860
1424745
1422600
1424330
1422598
1424297
1423221
1423991
1424780
1423009
1424440
1424100
1422990
1423581
1424665
1425469
1421475
1422998
1424520
1423317
1420887
1423211
1421907
1423628
1422323
1422528
1419153
1417890
1418639
1410264
1408338
1409675
1413845
1418071
1420339
1418017
1419348
1421665
1422002
1420355
1423118
1422705
1421414
1420171
1420851
1419513
1420355
1420348
1421837
1417931
1421090
1420858
1420657
1419981
1419581
1419507
1418139
1414863
1415577
1409584
1405888
1411661
1413798
1414890
1418387
1418298
1421788
1419414
1416637
1417998
1419200
1418296
1419224
1419301
1416852
1419256
1418880
1419268
1417731
1418397
1420138
1417023
1419276
1416500
1417635
1418086
1416919
1418333
1417897
1414813
1412899
1413523
1415499
1415009
1417486
1417824
1417480
1418323
1415350
1415446
1416152
1416954
1416774
1414485
1417216
1416106
1417004
1415887
1417156
1414635
1417179
1415498
1413305
1408347
1414702
1415782
1414817
1418203
1415184
1419225
1416025
1415626
1415794
1415867
1417333
1416976
1417155
1418048
1417369
1418565
1417646
1417622
1417046
1416024
1416117
1414258
1414298
1414380
1416124
1415101
1413761
1412180
1407313
1408281
1408126
1409543
1411349
1412965
1415484
1416708
1415644
1415909
1416189
1419562
1416219
1418023
1415717
1417240
1415404
1419574
1414685
1418143
1416860
1416787
1416595
1418903
1414979
1416351
1417098
1415810
1413705
1409784
1404110
1404288
1406588
1411068
1414129
1415465
1417012
1417189
1415575
1417921
1418345
1418809
1417724
1418783
1420448
1418147
1418947
1418670
1419677
1418037
1419571
1419316
1420281
1420252
1420519
1418411
1419568
1419697
1419182
1416882
1417559
1419158
1416469
1418589
1421639
1418278
1421388
1420752
1418381
1421340
1421877
1421832
1421999
1423196
1421375
1423009
1420984
1424928
1421101
1422115
1421855
1423473
1421412
1422996
1419685
1418816
1423690
1423830
1421337
1423452
1420671
1425061
1424567
1423674
1426987
1426406
1425023
1423002
1425545
1423633
1424008
1423329
1425488
1424850
1424909
1422329
1462678
