1486891
1491398
1491148
1491290
1491561
1489973
1491945
1491203
1490546
1491195
1493479
1493769
1492769
1491117
1492805
1492728
1493960
1494228
1494202
1492516
1492902
1492976
1493847
1493974
1493090
1496147
1496761
1494176
1495914
1493978
1497590
1496781
1494878
1496619
1495153
1496402
1498065
1497562
1497357
1495738
1494042
1496180
1496093
1500414
1496408
1498481
1495985
1498332
1497220
1497083
1501955
1500086
1498183
1498625
1498734
1502228
1499615
1499750
1497425
1500242
1499609
1500523
1498970
1500904
1499121
1500179
1499320
1498337
1499463
1499155
1496591
1494522
1490692
1492429
1492722
1493544
1497607
1500339
1502048
1501964
1502349
1500385
1503134
1502744
1500653
1503597
1501470
1501524
1503514
1503048
1503056
1506121
1504441
1504393
1504568
1505012
1504179
1503961
1504437
1503759
1503135
1504291
1500768
1499006
1499624
1503461
1503258
1504079
1505241
1504828
1507808
1509657
1506367
1504054
1507315
1507162
1508573
1505628
1509571
1507794
1508312
1507271
1505454
1508453
1507364
1509044
1507776
1509454
1508256
1507636
1509710
1508945
1506921
1505269
1508217
1507030
1508901
1509159
1511964
1511531
1510822
1510175
1510628
1513442
1509305
1510221
1512343
1511274
1512489
1511100
1511612
1513847
1509284
1509697
1509249
1508971
1510185
1512366
1513184
1514445
1510741
1512997
1513495
1514237
1513119
1515386
1513821
1513711
1516041
1515221
1515483
1515435
1515409
1515631
1515655
1514752
1514897
1514744
1516245
1516526
1513683
1515269
1509988
1503845
1499459
1497040
1500811
1506194
1512357
1514040
1514875
1515690
1518453
1516207
1518110
1516210
1518138
1519121
1518531
1517478
1518676
1518948
1518602
1519660
1518975
1519764
1518512
1517661
1519260
1519739
1518170
1515113
1514296
1510409
1503803
1502162
1507908
1512224
1516346
1519515
1519109
1522097
1519481
1522402
1520917
1521680
1524857
1522632
1524780
1524692
1524580
1524888
1524959
1524195
1521781
1523515
1523893
1525366
1523021
1526267
1524534
1522794
1520967
1519125
1516459
1518172
1520617
1522739
1521339
1524416
1524324
1527300
1524500
1526820
1525442
1524781
1525818
1527127
1524234
1525867
1525217
1524730
1524448
1525111
1522486
1521239
1518622
1520723
1525278
1525193
1526193
1527666
1530517
1529547
1527872
1528823
1528858
1527091
1526386
1527887
1527615
1527661
1528277
1528844
1528358
1526213
1526554
1528994
1528611
1528811
1527735
1526300
1527825
1526697
1520345
1512648
1509359
1511905
1517836
1525970
1526196
1527560
1527603
1528119
1528286
1530451
1530013
1529093
1528717
1528989
1529883
1530390
1531622
1531333
1530597
1531182
1531389
1530619
1529805
1530977
1528883
1527739
1525627
1522846
1514278
1508215
1509962
1516300
1523307
1524756
1528900
1528360
1529490
1530803
1532053
1531079
1529441
1530990
1532202
1531255
1534543
1530970
1531908
1532931
1533038
1531903
1531877
1533365
1529841
1533903
1531160
1533374
1530401
1529694
1529884
1528030
1525666
1530453
1530369
1531706
1531940
1532804
1532813
1532581
1533386
1533333
1532979
1532825
1532057
1534704
1533130
1534703
1532206
1532164
1532757
1532279
1531517
1530119
1529505
1533293
1532068
1530912
1530887
1534992
1533355
1531598
1534438
1532876
1531771
1535230
1534204
1532369
1533699
1532132
1534755
1534625
1534672
1534749
1533277
1534014
1532889
1533039
1535744
1533032
1533755
1531223
1530420
1524445
1527207
1528355
1527789
1528896
1535040
1532943
1530632
1531031
1533257
1532994
1531849
1533012
1532256
1534548
1533416
1532424
1533048
1534460
1533455
1533030
1533102
1529710
1530734
1531851
1531031
1530974
1530229
1527412
1524111
1518793
1522644
1526762
1528276
1530973
1532377
1532144
1531684
1533533
1532943
1533328
1533374
1529690
1532004
1530027
1532839
1531647
1531909
1530942
1529873
1529696
1530063
1530146
1532625
1532912
1530593
1530656
1531137
1531865
1525401
1531263
1530111
1531715
1529577
1529703
1529218
1530313
1530432
1529558
1531691
1528529
1530352
1528972
1530011
1528643
1529811
1532275
1527355
1530434
1528949
1529100
1529626
1529656
1527647
1528120
1529889
1528166
1527224
1529271
1529723
1527711
1528493
1528369
1527919
1528910
1526038
1527728
1528501
1526677
1524314
1528109
1524493
1527145
1525034
1490715
1511664
1513072
1510458
1511787
1512661
1511115
1512463
1510479
1512044
1510161
1509812
1510806
1511476
1511392
1511051
1508656
1510299
1510988
1510426
1509292
1510146
1508095
1509090
1508388
1509171
1507433
1508643
1505647
1509131
1507145
1509510
1505726
1507416
1509179
1505683
1505289
1506742
1507421
1506640
1507816
1508650
1506240
1507975
1505451
1508055
1506752
1505530
1504852
1507627
1505647
1507149
1507684
1503812
1503868
1506187
1505476
1505819
1503730
1506799
1505072
1504663
1504177
1505361
1501224
1499843
1497315
1495660
1491721
1496963
1500906
1501522
1504256
1502502
1502887
1502740
1502365
1501933
1503011
1500707
1501733
1504044
1504959
1500854
1500698
1500074
1501189
1503014
1501079
1500071
1501888
1500260
1499325
1502581
1497525
1495654
1492697
1490959
1494075
1497400
1497184
1499155
1497566
1498458
1496645
1496278
1499002
1500527
1497980
1497435
1500395
1497137
1494389
1500276
1497154
1495483
1497381
1494645
1495567
1496240
1498147
1495224
1496042
1494692
1495577
1494545
1490949
1488042
1492895
1491128
1493416
1494735
1492912
1493132
1494526
1492451
1492285
1492298
1493082
1491065
1492083
1492808
1492427
1492244
1491689
1491532
1492186
1491537
1487777
1487874
1486156
1488281
1488752
1491013
1489823
1489951
1489352
1491370
1489721
1489178
1489513
1489622
1488774
1488165
1488204
1489330
1488706
1488992
1487537
1486461
1487135
1488068
1485966
1487911
1486072
1483875
1483079
1482132
1476763
1470262
1462752
1463826
1471713
1476615
1478319
1482544
1483343
1481207
1482855
1486096
1483732
1485313
1483391
1483587
1485528
1482084
1484070
1482102
1483507
1482124
1481152
1483078
1481079
1483916
1481923
1479866
1479775
1477830
1474067
1468109
1461527
1461692
1467388
1472308
1475331
1477042
1478342
1480829
1479757
1480034
1481543
1478633
1477444
1480830
1477842
1478448
1481073
1477656
1479257
1479569
1477510
1478679
1475994
1476368
1478821
1478786
1475907
1476390
1475483
1472576
1470406
1469690
1468457
1474389
1475019
1475303
1476134
1475995
1476980
1475245
1474897
1475327
1473603
1473355
1475258
1473614
1473544
1475066
1474117
1474267
1472780
1472341
1469399
1466539
1466249
1468890
1472033
1472345
1470960
1473733
1472410
1469646
1473896
1471257
1471908
1472963
1471699
1470674
1471329
1470355
1469988
1474292
1473046
1471726
1471262
1469167
1471390
1471487
1470928
1469929
1468380
1466819
1461391
1454548
1450335
1451814
1458799
1464840
1465564
1466317
1466310
1466777
1469883
1466278
1471187
1468800
1468461
1466672
1466702
1466337
1469245
1468773
1467038
1468958
1467323
1463938
1466043
1469032
1468327
1467329
1462840
1460888
1456780
1450559
1444141
1447659
1457121
1457189
1463904
1463662
1464849
1466178
1465517
1465678
1468188
1465815
1465675
1467369
1465557
1467727
1466057
1469181
1467367
1468451
1465535
1465494
1465709
1466016
1464362
1467749
1465644
1464151
1466744
1464097
1462915
1461098
1463678
1463792
1464867
1463536
1467007
1464253
1464844
1467322
1466455
1464327
1465890
1462985
1463891
1464891
1465541
1465746
1465595
1466145
1461972
1464442
1461685
1462625
1460666
1464056
1466425
1463642
1464211
1462748
1464452
1464433
1466344
1465100
1463607
1465101
1463230
1466790
1464270
1464790
1466693
1464891
1463782
1463229
1462221
1465432
1460494
1466142
1464357
1466131
1463515
1462279
1459538
1458519
1458304
1459689
1463154
1464898
1465007
1466039
1464434
1465157
1464930
1462986
1467269
1463957
1465256
1465965
1466231
1464948
1465617
1465949
1465505
1465236
1463300
1465637
1464292
1465315
1466286
1463968
1462456
1462305
1458434
1456451
1455700
1461348
1463764
1467266
1467444
1464005
1467079
1468021
1467104
1465975
1467054
1466162
1469449
1467051
1466606
1467089
1464491
1466548
1468284
1466414
1466619
1470818
1468901
1467782
1469770
1468647
1467924
1467415
1466065
1470148
1468379
1467741
1468779
1469632
1468436
1468159
1470005
1469414
1469391
1470619
1469187
1469894
1472372
1470659
1468575
1471250
1470919
1470794
1470080
1470081
1469780
1470574
1470322
1470389
1473426
1470967
1472756
1472752
1473079
1472298
1470850
1471371
1473039
1472213
1472363
1473319
1475260
1474954
1472427
1473326
1471595
1474380
1473976
1472855
1511590
