347142
347161
346970
346532
346324
346643
346937
346243
346328
347379
346619
346996
346930
348338
347458
347856
347318
346973
347162
347824
346715
347865
347218
348009
347310
348425
347606
347971
346902
348885
347824
348509
347897
346779
347298
348102
347273
346333
348338
347784
348537
348259
346829
346456
347259
347704
348433
348893
348107
349161
348177
347828
348143
348716
347651
348835
348783
348655
348133
348599
348796
349007
348460
348174
348870
347999
347910
349495
348726
348634
348074
346248
346079
347833
347786
348973
348396
348831
348655
348655
349149
349845
349393
349476
349073
349549
348953
350100
349408
350165
350774
349670
349964
349911
348829
349889
349732
348422
349633
349596
348926
346690
346984
348201
349030
349836
349419
350857
351051
349680
350466
349411
349912
350536
349678
350499
350460
351119
350652
350902
350975
350285
351141
351894
351787
352154
351681
351023
350196
349340
351003
349709
349984
350401
350884
351142
351168
351584
350659
352650
351450
351720
351882
352146
351753
353082
350948
351812
351229
350048
351650
351871
350491
351496
351875
350597
350964
351936
352150
351669
352633
352356
352528
352448
352789
352290
353275
352876
352199
351840
352272
353871
352567
352612
353031
352344
351644
353451
352464
351932
352338
351341
351256
351573
351802
351473
351938
351849
351863
352360
352657
353475
352567
352387
352870
353156
352677
353395
352966
353224
353529
353911
353223
353195
353032
354397
354149
353696
353854
353596
353492
352174
353144
352272
351083
351262
353044
353615
353922
353604
354110
354097
353394
354360
354744
354477
353589
353938
354060
353810
353862
354780
353348
354587
353688
353846
354554
354909
353403
354969
354204
354362
354586
353905
354216
354649
354440
355522
355453
354207
354090
354726
355247
354425
356216
354435
355316
354881
354519
355332
354882
355060
355375
355916
354007
354473
355373
354188
355470
355646
354344
354214
355069
355588
355294
355859
355526
354117
355123
355576
356088
356644
356720
355983
354730
355756
355650
356659
354636
355672
355902
354685
356174
354319
354011
352781
352866
352355
356641
354626
355542
355890
356027
355962
355190
356452
356540
356989
355074
356809
355510
356259
355492
355494
355875
354894
356232
354939
356134
355751
355256
356063
355078
355139
354414
354070
354753
356297
355252
356743
355685
356312
356461
356101
356545
355696
356088
356169
356800
356812
357043
356264
356233
357014
355947
357161
356833
356007
355492
357003
355939
356955
355380
356483
355403
355644
355988
356313
356138
355917
357005
356018
357196
357056
356221
356522
356152
356326
356693
355267
356744
357112
356350
356676
357115
356337
355980
355685
354836
356846
357051
356674
355877
356893
357182
355420
356435
356855
356593
357190
356397
356899
356305
356616
357589
357054
356506
357268
356708
355737
356984
356336
356109
355773
355593
355620
355044
353641
353876
354138
354030
355987
356026
356989
355973
356056
355720
356107
356246
356327
356537
356684
356249
356119
356364
356591
356881
355371
356293
355753
355554
356107
355168
355847
355942
355411
354295
353585
353790
353679
355919
356169
356024
356208
356957
355761
355899
356360
355457
356441
356175
356097
356650
356067
356305
354767
356256
355114
355835
356487
355903
356118
354702
355927
355941
356397
356363
354578
355856
354461
355323
355348
355610
356001
356144
355237
355405
356021
356329
356123
355369
355203
355418
355650
354564
356470
356015
354701
356515
354994
355037
354150
354611
354879
354671
355543
356063
355174
355244
354772
354859
355986
353648
355389
355447
354641
354971
354150
354798
353977
353938
346766
351488
352383
350845
351518
352560
352118
350228
351391
350519
352305
350065
350356
351008
350483
350645
350905
350952
350867
349897
351322
351118
349824
351421
349844
350671
350291
350987
351277
350827
349600
349400
350179
350897
349378
349176
349959
348765
350260
349950
349931
350719
350977
350639
350356
350356
350259
350305
349844
349810
350263
349409
350336
350346
349015
349682
350536
350114
349395
348477
349136
349657
348119
348268
347301
346707
346042
346580
347239
347773
348088
348947
348409
348537
349689
348854
348128
349255
349217
349435
350395
349300
349165
348793
348450
348915
348404
348985
348981
348977
349051
346998
347684
347745
347210
347102
345872
345607
346864
348167
347133
348008
348466
346978
347986
347803
348463
348177
347287
347762
348611
347315
347605
348462
346258
348609
347808
347336
347466
346944
347801
346629
347095
347636
346248
347982
345902
346676
346718
348058
346233
346965
346751
346940
346833
346611
346928
346247
346311
347788
347901
346036
345813
346867
346290
346374
346410
345041
346535
345370
345416
346538
346040
346214
346553
346376
346593
346110
346862
345288
346036
346572
346401
345697
345519
346307
345131
345236
345314
344580
347236
344673
345112
345805
345083
344800
345302
343900
344055
344515
343575
344656
344097
344891
344140
344845
345446
344669
345481
346188
345329
345920
344389
344323
344521
345105
345015
344457
344533
345152
344274
345223
344610
344810
343769
344917
343531
344078
343699
342064
341288
341672
343415
344008
343764
343403
344394
344658
343494
342942
343240
344786
344242
344006
343786
344315
344334
342595
343152
342895
344140
343094
343992
343718
342750
342571
342881
344383
344154
343832
342503
343226
342328
343373
342610
342683
342687
342231
343195
342582
342906
341304
341969
343327
342655
342543
341597
342762
342282
342728
342456
342659
342777
342952
341692
341179
342730
341357
341801
342629
343392
341638
341829
342243
342192
342404
341989
343051
341766
341119
342308
341821
342251
341838
340994
341952
341408
342970
341989
341406
341681
341471
340711
339297
339438
339053
340156
341214
340447
341689
341478
340506
341512
341528
341737
341206
342008
341126
340869
341828
340837
341365
341285
341803
340783
341376
340951
341270
341876
340566
339919
340280
340688
339933
338487
339173
340466
340377
340165
341735
340648
341579
339401
340155
341370
340607
340041
340900
340310
341123
341006
340579
341227
340225
340644
340172
340297
340658
341397
340935
340312
339967
340331
340280
340052
340085
340753
340504
340157
341341
340555
341806
340498
340054
339905
339978
340285
340536
339337
340305
340376
339833
342253
340786
339853
340477
339639
340132
340060
340050
340548
339706
340926
341942
339883
340056
340720
340638
340812
340774
340164
340472
340599
339576
340729
341572
340279
340098
339818
341508
339821
340372
339222
341211
339790
339434
339063
337765
338928
338421
340301
339892
339633
339755
339582
341205
339883
339509
341358
340172
340013
340456
340220
339421
341970
340067
340141
339766
340100
340890
340982
340325
340063
340395
339699
339255
338526
337703
338526
339258
339493
341345
339553
340291
341132
341703
340001
341167
341083
340868
340955
341649
341051
340472
341097
339806
340593
340979
340387
341597
340870
340354
341156
341160
340694
340542
342022
341347
339861
340863
341297
340068
340806
341094
341502
342174
341309
341315
341335
341388
341975
341614
342324
341753
341556
342025
341622
341567
340212
341185
340682
340958
340506
341594
341543
342660
342465
341604
342627
342155
341118
342634
342978
341029
341533
341981
342876
342406
342748
342585
342101
340984
351536
