24
23
17
19
16
19
21
33
26
23
24
25
25
30
19
22
14
24
20
23
20
26
29
24
30
19
14
22
30
24
19
21
16
30
16
23
19
25
28
21
19
27
26
19
20
22
26
21
22
19
15
24
23
20
21
22
19
19
23
27
21
20
17
20
33
22
24
30
16
18
25
18
26
23
21
19
16
23
27
24
16
37
17
29
23
22
22
32
23
17
20
24
24
21
31
19
25
18
23
21
22
22
26
16
25
24
22
23
21
23
26
21
18
26
15
20
29
19
24
25
25
22
25
23
28
19
19
24
30
18
24
26
27
24
29
26
17
27
17
25
25
23
21
24
17
27
19
21
13
28
20
23
27
7
18
24
19
21
20
24
17
29
21
16
22
25
27
27
25
25
19
25
37
14
23
16
17
24
21
26
19
23
17
26
17
23
29
29
24
24
22
17
26
29
20
15
26
28
21
22
22
24
16
22
16
19
20
20
17
23
24
21
24
18
27
12
17
23
19
24
22
23
21
25
24
30
32
22
28
17
22
26
32
18
18
33
27
22
25
15
21
22
22
22
24
28
25
21
19
30
19
19
19
31
21
24
17
25
16
16
13
15
27
18
17
13
25
20
22
22
32
19
22
30
17
19
35
24
28
25
31
26
22
35
18
26
22
27
17
20
25
26
23
23
27
22
17
22
13
21
22
27
22
26
24
28
17
22
21
26
26
24
32
22
23
19
21
23
25
23
17
18
21
28
26
20
15
18
19
27
23
23
27
24
24
18
25
25
22
22
19
24
20
16
23
19
14
37
18
17
30
17
18
27
21
21
26
16
30
15
32
16
31
25
30
29
19
22
20
22
22
17
23
19
18
22
28
25
21
15
18
24
22
22
26
24
17
27
21
23
27
17
20
19
32
22
31
21
28
26
18
17
32
20
21
25
26
21
26
18
24
23
22
22
29
27
23
25
25
14
18
23
23
36
17
22
27
19
24
21
15
16
27
25
17
20
22
19
16
16
19
21
18
28
24
25
17
20
20
25
25
21
25
24
26
23
25
20
32
15
24
27
30
25
29
31
21
20
29
22
24
31
24
27
20
27
17
20
26
20
19
22
18
30
27
24
24
22
18
21
21
21
22
27
18
26
22
20
31
13
16
23
18
31
19
23
22
32
28
21
24
22
27
26
24
27
14
19
25
31
24
16
16
28
23
18
26
25
25
20
18
22
20
24
32
16
32
21
19
16
20
30
23
26
15
27
29
33
28
27
25
30
27
27
19
27
25
28
20
21
30
25
27
21
26
20
23
29
10
26
24
20
26
24
21
23
20
29
20
25
29
19
25
23
23
26
21
29
26
16
25
21
18
15
22
32
22
20
25
24
14
21
31
16
24
27
22
17
25
30
29
21
24
28
19
31
24
20
23
20
20
16
28
24
25
22
20
19
19
27
23
21
19
32
20
28
35
17
17
20
22
24
17
27
20
18
17
25
23
23
24
28
26
24
20
23
28
15
22
22
23
23
17
26
31
20
22
33
26
23
19
23
24
23
16
15
25
28
23
26
22
21
19
17
17
21
23
30
23
19
14
25
17
17
16
18
26
20
24
22
14
23
31
28
19
22
19
26
24
21
19
16
20
27
20
22
20
24
30
27
26
29
23
26
18
14
24
21
20
31
23
15
18
28
19
19
24
25
19
23
28
24
30
32
20
26
29
17
26
22
17
18
22
24
20
22
22
22
28
20
17
20
18
23
19
18
25
32
23
20
18
25
20
25
25
20
13
21
18
18
23
20
25
22
22
27
22
29
22
18
25
23
24
14
21
28
19
24
29
29
26
17
29
24
33
20
30
30
16
18
27
18
20
23
19
19
18
20
22
27
22
24
29
18
31
18
24
30
22
25
26
23
20
25
22
15
20
26
25
17
26
23
22
20
22
29
26
35
29
34
19
19
27
23
28
25
16
24
23
19
19
24
25
28
28
27
21
27
22
24
17
27
29
25
25
27
14
28
15
23
23
16
23
24
22
26
25
29
23
16
24
21
23
21
22
28
18
27
18
20
20
14
17
26
25
21
21
23
24
22
18
29
28
31
20
20
19
23
20
24
19
19
17
19
16
30
17
17
17
23
10
19
23
14
20
26
20
19
27
27
18
23
17
20
27
25
17
23
22
24
22
19
25
18
29
24
28
22
19
31
16
30
26
19
23
23
22
18
26
28
23
22
34
32
23
21
22
16
26
14
17
25
18
29
30
23
30
26
22
26
20
25
25
31
21
28
30
19
25
29
26
22
17
17
20
23
22
23
26
22
23
27
23
25
26
16
24
22
23
24
23
26
21
23
