1969915
1972556
1973738
1972248
1971603
1971277
1971421
1973810
1974104
1972823
1975430
1969360
1973325
1976531
1972841
1973781
1971807
1973878
1973498
1975693
1974140
1973919
1975041
1974355
1975752
1976005
1977463
1977846
1975856
1977154
1976268
1976357
1975000
1977045
1980091
1977858
1976063
1975234
1979542
1979532
1979313
1979014
1980900
1979599
1978434
1979890
1979716
1980416
1979798
1979793
1980647
1982038
1981066
1982385
1979817
1982468
1980955
1978004
1984161
1980625
1983476
1983007
1985220
1984890
1984907
1982566
1982136
1982156
1983950
1981799
1985298
1987215
1984408
1983671
1984110
1983875
1983860
1985525
1986096
1984763
1987890
1986151
1985385
1988534
1987050
1988628
1985933
1986285
1987308
1988500
1988143
1988318
1987210
1988412
1988732
1988325
1991475
1989545
1987840
1990017
1989293
1988802
1990008
1989813
1990264
1988226
1989730
1992742
1992204
1993437
1991704
1992157
1992666
1992223
1992936
1994145
1990949
1995656
1994102
1997018
1991921
1996324
1995819
1996367
1995583
1995541
1995438
1995495
1995574
1994073
1996332
1996314
1998618
1995357
1995568
1997460
1998411
1993567
1999983
1997534
1998880
1998250
1998954
1999274
1999679
1997680
1998428
1997912
2000008
1998398
1997464
2001625
2000860
2001401
2001197
2001567
1999336
2001107
2002881
2000784
2001051
2003063
2001083
2003136
1998584
2006485
2003753
2005045
2002877
2003129
2002198
2004845
2002535
2004569
2004123
2004689
2004279
2007778
2006038
2005415
2006978
2009005
2007001
2008260
2004773
2004691
2008551
2007560
2008100
2007667
2008792
2009204
2005152
2007947
2008876
2010637
2006501
2006887
2007606
2008291
2009287
2011283
2008317
2010795
2008733
2011692
2010656
2008771
2007246
2011033
2009606
2012328
2011541
2012587
2008059
2009221
2009661
2013692
2011372
2011384
2013752
2012119
2011578
2015955
2011452
2016246
2016073
2015848
2010806
2014368
2013720
2015209
2015491
2016937
2013374
2016074
2014507
2015237
2014888
2016569
2016691
2017642
2017539
2015844
2015156
2017218
2017319
2016826
2015477
2016773
2018824
2016872
2017100
2019425
2017433
2017863
2017621
2019833
2019662
2016836
2018537
2018231
2020217
2020735
2015727
2018398
2019387
2017869
2017988
2018752
2017681
2022264
2017659
2019753
2020021
2019575
2019247
2021010
2019327
2022146
2022113
2019793
2021616
2021808
2019727
2022579
2019918
2022670
2023766
2021676
2021268
2021629
2021224
2022945
2022280
2020484
2022129
2020922
2021822
2023866
2020627
2025014
2023235
2022975
2022801
2021765
2025401
2023347
2023590
2024619
2022730
2023286
2024681
2027951
2022755
2026249
2025812
2025626
2023172
2021763
2023866
2025501
2026067
2024200
2025821
2024968
2022666
2025201
2025661
2025426
2027028
2027036
2028529
2024848
2025967
2026578
2025600
2023922
2026811
2021412
2024882
2027122
2027579
2025040
2028194
2028237
2029588
2026378
2024462
2028698
2023838
2027983
2027017
2026398
2025362
2026328
2028185
2026454
2026008
2026755
2028065
2029078
2026109
2025950
2028901
2029310
2027306
2026020
2026343
2026534
2029534
2028925
2027663
2028880
2027556
2029159
2026141
2026551
2025770
2024234
2029056
2027567
2027035
2026956
2026468
2026322
2028623
2030403
2028912
2027191
2028986
2028752
2023123
2026403
2027562
2027681
2026891
2026642
2027991
2026950
2025754
2028914
2029079
2024087
2026998
2027405
2026696
2025337
2027825
2028955
2027514
2026463
2025913
2026946
2027218
2026856
2027378
2025471
2027569
2030783
2026740
2026605
2027984
2029465
2025905
2027268
2026861
2025941
2027007
2025573
2023566
2027051
2026621
2025319
2026404
2025201
2024432
2025747
2024902
2026209
2023366
2025510
2024399
2024562
2023935
2026153
2026468
2027532
2024773
2023352
2026541
2026046
2023213
2021593
2022475
2025368
2024922
2024988
2023223
2022900
2023097
2025191
2024010
2023147
2022637
2022163
2022654
2024572
2021848
2022600
2023702
2021271
2024581
2022323
2023308
2023508
2022438
2022050
2024442
2023513
2021420
2023887
2021044
2022001
2021492
2020756
2024475
2019542
2019794
2021255
2020241
2019317
2019068
2020816
2021236
2024124
2018630
2020838
2021226
2019866
2018911
2020683
2022494
2021344
2018302
2018408
2019085
2020205
2018405
2020613
2021475
1972350
2004398
2001949
2000864
2001768
2000366
2000414
2002352
2000318
2001920
2001033
2001659
2001258
1997240
1999822
2000642
1998068
2001297
1999328
1998946
1997305
1997433
1999885
1998508
1997098
1997736
1997112
1997521
1997494
1996280
1998388
1996707
1996188
1998376
1996531
1995613
1998126
1996597
1996407
1994059
1996043
1993849
1995431
1997111
1995644
1996072
1994487
1995215
1994759
1993021
1995431
1994137
1997213
1990144
1995446
1992432
1990118
1994060
1992633
1991997
1992528
1994474
1992843
1990874
1990249
1991465
1988713
1989889
1989516
1989987
1990088
1992123
1991493
1992346
1990893
1988606
1989499
1990410
1987879
1987544
1989433
1988340
1990238
1988649
1989683
1991016
1987175
1989231
1989345
1984891
1989030
1987152
1986915
1987874
1986112
1987566
1986429
1984340
1984772
1984162
1982693
1984938
1983112
1983729
1981069
1984775
1985332
1984856
1983977
1985132
1985150
1982591
1981761
1983666
1981758
1986464
1980534
1980128
1980291
1981055
1981243
1983777
1981744
1978984
1981109
1979041
1980272
1977949
1976403
1981048
1979800
1978286
1978311
1980565
1977085
1978151
1979389
1978609
1978061
1977064
1977332
1976579
1974616
1978089
1975884
1976821
1973461
1976686
1973934
1978337
1973199
1975824
1977191
1971601
1972980
1973108
1973034
1971723
1973630
1974284
1972916
1972733
1970471
1970435
1968933
1973272
1970312
1970808
1970960
1970163
1968551
1972524
1970546
1968386
1970314
1969733
1968990
1967754
1968781
1968320
1966810
1966451
1966952
1965193
1968031
1968868
1966646
1968986
1967322
1967142
1966599
1966115
1968507
1966895
1964184
1962345
1962954
1964922
1964798
1963914
1962992
1965930
1964782
1964515
1963168
1963581
1961719
1961857
1959768
1960695
1960238
1958332
1959863
1961057
1961775
1962059
1959082
1959479
1960008
1959442
1956481
1958092
1960020
1960108
1958331
1958699
1959248
1958170
1958261
1956100
1956387
1959775
1956623
1957627
1957405
1957332
1958445
1955183
1955420
1957636
1955870
1956471
1953790
1954050
1956622
1954550
1954454
1955672
1955252
1955444
1953418
1952713
1954596
1952255
1953526
1953335
1952663
1952519
1952719
1954284
1950219
1953714
1955141
1952541
1953271
1949310
1951223
1951222
1949463
1950810
1951574
1950513
1948938
1953317
1948928
1950622
1951131
1949541
1949554
1948414
1952321
1948620
1947769
1947512
1947937
1950255
1947927
1945733
1944864
1947968
1950696
1948246
1945984
1945569
1944692
1944765
1944387
1946029
1946083
1947147
1946531
1946581
1943538
1947651
1945066
1946984
1943167
1948221
1944124
1947185
1942843
1945851
1945792
1943156
1943889
1946180
1942329
1945730
1945382
1944028
1944227
1943132
1941995
1943236
1942580
1939996
1944446
1941909
1942944
1942876
1942886
1945059
1943832
1940893
1941825
1942439
1942612
1942541
1941726
1942387
1939250
1942085
1943336
1941266
1940588
1941954
1941000
1942474
1941461
1942397
1939840
1941118
1939798
1940376
1940951
1939083
1939169
1939523
1942690
1941206
1941939
1939779
1940437
1940475
1939625
1943317
1941842
1942546
1941993
1941635
1941691
1939378
1939235
1939120
1944160
1940220
1935735
1940199
1941095
1940622
1940163
1938834
1940133
1939807
1939300
1941394
1937457
1943095
1940026
1941373
1936399
1939958
1941374
1938304
1940495
1938147
1938592
1940056
1940934
1940262
1935253
1939624
1940675
1940831
1941497
1940754
1937754
1940264
1936989
1941477
1938042
1940327
1938500
1942279
1941370
1940761
1939560
1942854
1939218
1940462
1940200
1942468
1939344
1939258
1939888
1941580
1938277
1941824
1941128
1939426
1940947
1939685
1938838
1941807
1939868
1942547
1939478
1939879
1939194
1940617
1939778
1941126
1939656
1941290
1941978
1941615
1945196
1938689
1941778
1939872
1938755
1943662
1942617
1943859
1938911
1941874
1939899
1942663
1943240
1943165
1946406
1942802
1941085
1943831
1943031
1943969
1944420
1941423
1939795
1943189
1943446
1943321
1946914
1943000
1945843
1945919
1947110
1943888
1942976
1947431
1944869
1946817
1947948
1945188
1946173
1947277
1947467
1946194
1945117
1947171
1946086
1947256
1946956
1948558
1946666
1947244
1947450
1945697
1947948
1947039
1949070
1949959
1948813
1950069
1949349
1949601
1948867
1948314
1950095
1949230
1949576
1949608
2001538
