536060
537002
538405
536938
536422
536792
535702
536868
537847
538170
538252
536158
537301
537431
538195
537224
538142
537636
537234
537897
538338
538433
537506
538421
538562
537645
538531
538337
538955
538659
537149
538501
539013
537175
538072
539195
539056
539549
539102
538249
538299
538795
539578
538321
539577
538920
538768
539287
538627
538557
538666
538841
539519
539425
540931
538486
539114
540402
539868
540154
539233
540113
539917
540104
539684
538847
539571
538965
538759
539742
538229
537430
534615
535337
537805
539492
539583
541145
539973
540086
541318
541165
541195
541981
540871
540824
540074
540514
539566
541741
540355
541150
541822
541534
540877
542277
540050
541711
541784
541111
540409
539559
539043
540037
539707
542006
541746
541752
541691
541265
540982
542663
543020
540721
541620
543509
541190
542631
542773
543512
543704
542225
543166
542828
542559
542511
542682
542639
541927
542749
541280
542668
541978
541694
542940
542298
543478
543740
543553
542874
544182
544596
543614
544117
545354
543478
543496
543878
544037
542902
543619
542911
543437
544304
543232
541710
542643
545819
544154
544211
544252
545505
545873
545415
544269
544920
545236
545263
546693
546673
545513
547548
546217
544270
546591
545561
546299
545502
545293
544472
546814
544226
541813
539911
537891
540530
543156
542699
545158
545543
544741
545334
545354
545723
545894
546538
547029
547832
545576
546862
546990
545893
546764
546210
546686
547119
546887
547014
546169
546999
546603
545709
544138
542034
539195
540329
544224
545480
545433
546409
547618
547889
548187
548081
548696
548054
547652
548222
548121
548635
547995
548020
547513
547722
547871
548380
548688
548985
547737
548844
547950
546303
548220
546374
545553
547871
547350
547851
548541
547735
547376
549153
547708
548337
549306
549315
550309
549461
548530
549187
548724
549721
548292
548417
548102
547600
546911
549199
547741
549385
547701
549442
548679
548681
549190
550016
549983
549069
551174
549602
549811
549098
548790
549635
549646
548454
549769
548524
549745
550324
549081
550181
548119
549203
545859
542396
544201
545326
547502
549591
549593
549788
549858
551354
552069
550521
551288
549521
550133
549716
551306
549800
551052
551251
551222
552024
550848
552596
550025
551162
549057
550610
549204
548421
545125
543686
545027
545884
549101
549617
550335
551188
550865
551506
549676
550561
552065
551553
551029
550454
551505
551292
551947
551696
551995
551189
551705
551757
551557
550796
552405
550147
550772
550911
548725
549465
551038
553160
551242
551183
551873
551681
551648
552785
552292
551383
551133
551935
551958
550050
551239
551954
550571
551552
551729
551683
551421
548751
550000
550697
551354
552451
551845
551808
551261
552159
551343
551768
552233
552859
552079
550115
550703
552474
551903
551822
551820
552060
551873
550874
552266
551717
552113
552682
552475
551271
549184
548359
549665
550617
550592
551796
551684
550643
551906
551812
552117
551687
550710
551461
551695
550385
551603
550811
552690
551351
552729
551837
550265
551015
550300
551582
550879
550296
551170
548500
548967
548031
546898
548237
550096
550105
551619
550641
550519
552092
551463
551177
549436
550509
550698
551541
550298
550937
550589
550887
551128
551587
549823
551146
550576
550772
550438
552274
552113
550966
551136
550906
549523
550179
552322
549681
550555
550274
551620
550480
550974
549539
551550
550181
551336
549376
551156
551102
548867
548672
551516
550719
550709
550149
549345
547718
549646
549455
548732
548771
549165
550390
549435
549117
548996
551144
549026
550429
550077
550084
550029
549766
550057
549484
548347
537021
544772
544942
545418
543924
544677
543517
543810
542749
544177
541880
544683
542936
542760
542688
544037
543873
542566
541651
541336
542563
541607
543156
542263
542757
542548
542547
543580
543545
543322
542363
542422
542715
542515
543750
541140
541296
541752
541288
543321
541854
542350
540978
541729
540777
541723
542173
541099
540323
541800
541551
541309
540816
542061
541154
540557
541111
539959
540606
540000
541243
540651
539546
540547
538749
537786
535855
537244
538024
539360
540779
540179
541745
540494
539100
538074
540761
540003
538566
540837
540600
540004
539819
539085
539032
540027
540786
540682
539777
539638
538385
539084
539290
539497
538924
536305
537270
537328
536041
538620
538740
539487
538554
538299
539330
537345
538115
537709
537027
539365
538450
538138
538636
538041
537511
539005
536856
537297
538816
537586
539040
537920
537593
537644
536972
537127
536780
535533
535693
536893
537439
537293
536991
536482
537043
536677
537911
536764
537183
535530
537566
536284
535677
535337
536028
536308
535650
535859
534289
535232
534696
536054
535808
534407
534960
536210
534452
535896
536002
535139
534115
535931
534435
535998
535264
534082
536371
535956
533773
534703
533972
534007
533942
534725
533148
533030
533878
532079
530783
527890
526614
528421
530136
532512
533361
533375
532265
533803
533474
533509
534886
533111
532896
533815
533694
533483
531550
534050
533696
533883
532344
531142
533016
532308
532480
532418
532556
530463
529352
527640
525002
526926
528957
530292
530481
530688
532176
533206
531551
530543
531877
532664
532010
530544
531935
532834
533214
531824
533160
531165
531341
532807
532247
531671
531733
530299
530144
531605
531765
530589
529230
530536
528987
530330
530051
530572
530299
528963
529937
529514
530516
531002
530384
530639
529404
530026
530102
530526
529680
529714
529617
530136
528832
527689
528481
529219
531463
528800
529552
529524
530920
529740
528286
529216
529358
528618
529364
527969
530496
530253
528677
529211
529524
529811
529303
528366
529089
527835
528795
527948
527531
527604
525095
522514
520267
523197
524783
528841
527272
529693
527501
527382
527970
527805
527574
528569
529181
528084
526055
527816
527605
527977
528048
527377
526553
528626
526991
527873
529052
527150
527204
524166
524436
521399
519938
521893
524190
526090
526074
526725
526877
528108
529345
526944
526480
527529
526881
527557
527502
527936
527213
527862
529269
527720
528344
526927
527230
525734
527530
527318
527469
527973
527696
525994
525269
524884
526807
526905
526748
526187
527286
527367
527635
526916
526413
527404
526703
526241
525696
526267
527646
526846
527866
526367
526479
528724
525984
524517
524365
526144
526539
526620
526282
527221
528403
528163
527077
526494
526575
526808
527643
527061
526395
526549
527516
526987
526807
527843
526223
527389
526791
526701
525462
526545
527181
525459
525656
524876
524712
524818
525681
525937
527183
527251
526412
527391
527064
527980
526485
527411
528241
526830
526097
526754
526391
527311
527050
525485
526584
527454
527088
527231
526827
526961
527173
526117
523685
523454
524751
525415
526087
525895
527261
526611
527816
528172
527139
527197
526758
527549
527505
526827
527834
528533
527313
526208
529257
528811
528293
527819
527326
528731
527712
527882
527336
528434
528009
528760
527491
527390
528680
528237
529448
527312
528802
529359
528925
528041
530517
528530
529923
529995
528895
528975
529190
528670
528711
530302
528701
529795
529092
529763
528552
527894
529566
528816
529858
528680
530017
530385
529242
529473
530041
530175
529720
529570
529398
531132
529327
530915
529302
528701
543987
