121993
122115
121590
122177
122344
122331
122243
122192
122132
122367
121728
122312
122101
121834
122561
122594
123026
122596
121755
122854
123045
121967
122289
122212
122763
122751
122445
122830
122290
121967
122684
122168
122367
122917
122961
123119
122903
122835
121999
122160
123840
123038
123228
122589
122751
122897
122779
122942
123104
122692
122709
122755
122290
123165
123139
122988
123472
122610
122758
122722
123370
122882
122820
123436
122990
122710
122626
123134
123292
122746
123517
122864
122915
122771
122963
123443
123623
122969
122442
122696
123332
123002
123116
123218
122916
123745
123633
123107
123711
123058
123477
123151
123392
122447
123562
123499
123175
123026
123000
122974
123387
123015
122808
123384
122904
123340
124419
123194
123600
122964
122934
123829
123566
122940
123124
123167
123881
123587
123698
123697
123754
123297
123799
123774
123260
123683
123501
123465
123626
123830
123374
123558
124036
123182
123730
123633
123492
123201
123412
123430
123672
123908
124003
123547
123891
124510
124157
123622
123759
123432
123882
124083
123656
123633
124307
124487
124294
123759
123791
123634
123651
123923
123758
124430
123993
123157
123552
124346
124917
123567
123812
124077
124770
124026
123554
123916
123521
123944
124014
123754
123818
123621
122186
122066
121251
120612
121501
122170
123112
123693
123460
123906
123872
124317
124481
123926
124283
124274
123943
124761
124717
124283
123897
124702
124639
123702
124464
124384
124304
124045
123996
124197
123266
122904
122438
123209
123264
123678
124102
124454
123743
124462
124260
124734
125052
123830
124459
124847
123728
124731
123981
124724
124701
124817
124631
124422
124834
124845
124787
124244
124028
124100
124457
123776
122616
123867
124676
124764
124304
125573
124537
124793
125180
124792
124301
124567
124523
125018
125044
124395
124847
124605
124474
124184
124029
123576
124055
123446
123778
124772
124545
124585
124667
125416
124964
125158
124643
125154
124639
124694
124128
125750
125032
125134
124602
124889
125067
124613
124832
125419
124774
124955
124799
124045
123774
123237
122779
123793
124345
125260
124927
124451
125428
124857
124954
125131
124641
125479
125124
124885
125158
125242
125256
125115
125426
125468
124249
125170
124688
124855
124657
124305
124101
123146
122429
121700
122518
123974
123579
124575
125028
125186
124817
125335
125445
124937
125946
124694
125193
125028
124854
125367
125674
125777
125572
125047
125781
125624
125251
126251
125311
125295
125366
125203
125888
125890
125393
125473
125557
125287
125336
125229
125493
125427
125396
125037
125697
125159
125875
125488
124980
126114
124882
125797
125674
125193
125248
125552
125809
125193
125224
124510
124942
124994
125245
125561
126185
125362
125771
125534
126166
125592
125317
125272
125044
125462
125352
125345
125604
125659
125222
125704
124787
125244
125762
125526
125429
125334
126146
125626
125167
125245
125293
125613
125146
125279
125413
125423
125641
126139
125175
125768
126124
125692
125448
124942
125076
125470
125393
125642
125468
126154
125932
125677
125498
125557
125696
124986
125728
125733
125315
125771
125439
125382
125164
124972
125079
125236
125445
125555
125419
125640
125482
125735
125190
124963
125198
124957
125358
124892
125237
125853
124966
124802
124183
125773
125050
125085
125307
125562
124696
125111
124764
125092
125271
124809
125106
125540
125725
125097
124818
125269
125382
125629
124925
124891
125519
125294
125122
125223
124952
124744
124852
125415
124505
124770
124712
125257
124944
125457
125119
124475
124943
125368
125070
125093
125293
124858
125073
125369
124812
122148
123689
123768
123480
123627
123726
123887
124071
123374
123535
123456
123639
124212
123935
123447
123369
122990
123947
123270
123399
123707
123381
123499
123531
123405
123361
123497
123548
123082
122859
122945
123412
123126
123585
123426
123537
123311
123292
123035
123974
122797
123675
123469
123609
123367
124027
123168
122953
122907
123487
123538
123101
122417
123080
123368
122922
123205
122946
122688
123382
123234
122964
123113
122775
122382
122913
123009
122839
123108
122429
122472
122528
122996
123151
122568
122504
122991
123212
122369
122827
123375
122767
122347
122418
122483
122460
122992
122506
123028
123018
122843
123035
122399
122878
122626
122438
122949
123123
123325
122520
122775
122826
122747
122646
122734
122551
123227
123084
122738
122112
122598
122746
122492
121950
122641
122923
122540
122192
122445
123070
122852
122291
122259
122331
122667
123156
122174
122325
122214
122585
122538
122019
121731
121888
122606
122767
122540
122606
122545
122518
122196
122065
122019
122329
122530
121821
122064
122021
121997
121829
122661
121918
122211
121546
121747
121574
121519
121972
121594
122285
121726
121282
122597
121710
121482
122463
121564
121599
122030
121296
121047
121576
122081
121464
121510
120978
121157
120822
120147
118054
118091
118750
119785
120645
120716
121295
120507
121310
120758
120773
121472
121138
121700
121262
121840
122206
121009
121336
121175
121014
120385
120511
121600
121411
120591
121644
121144
120680
120144
119594
118992
119734
120513
121114
120439
120599
120497
120960
121433
120563
121382
121006
120626
121424
120626
120677
120464
121196
120360
120951
120710
120954
121033
121474
120709
120901
121009
120680
120297
120459
119292
119189
119112
120691
120715
120348
120336
120251
120146
120881
120172
121272
120471
120487
120508
120415
120641
120269
120605
120563
119904
119585
119316
119354
118733
119600
120814
120463
120146
119953
119950
119748
120271
120024
120207
120462
120817
120977
120648
120856
119484
120233
120650
119910
119696
120471
120098
120087
120757
120387
120193
119388
119019
118495
118594
118852
119757
119619
120129
120333
119899
119774
120662
120860
120171
120098
120175
120189
119736
120317
119951
120077
120262
119704
119896
119674
119846
120133
119305
119321
119855
119632
118643
117161
116311
118195
119084
119022
119492
119818
119798
120365
120219
120331
119728
120006
120617
119879
119996
119902
119872
119690
120177
119851
120392
120216
119929
119590
119832
119585
119970
119901
119382
120165
120314
120321
119721
119970
120149
120080
120074
120036
120409
120077
119701
119963
119948
120056
119582
119601
120400
119608
119920
119933
120031
119880
120727
120096
119763
120488
119954
120094
119657
119924
119337
119367
120490
120369
120428
120592
120236
119855
119751
119601
119908
120522
119974
119936
120061
119715
119549
119826
120509
119670
119637
120234
120385
119901
119992
120299
120449
120127
119777
120139
120140
119852
119726
119370
119587
120008
119737
119785
119733
119958
120241
120104
119848
120425
119889
120496
119896
120044
119699
120451
120228
120447
119998
120135
119997
119872
120415
120332
120288
120341
120517
120298
119658
120489
120322
120245
120211
120515
120308
120717
120004
119782
120278
120401
119928
119778
120583
120184
120481
120270
120078
120073
120308
120040
121010
119810
120108
120139
120788
120160
120444
120037
120264
120522
120528
120453
120058
120210
120126
120190
120461
120416
119938
120362
120332
120928
120770
119746
120228
120933
120613
120720
120695
121331
121178
120305
120528
121315
120680
120361
120730
120532
120559
121173
121014
121015
121213
120442
123661
