1517480
1523120
1523265
1521373
1518558
1522770
1523195
1522307
1522476
1519912
1522691
1524635
1522993
1522192
1524212
1523623
1526016
1523367
1522440
1523921
1522667
1523390
1524636
1525986
1522322
1524880
1524863
1527088
1525351
1525318
1526565
1524958
1525163
1524868
1524738
1528884
1525757
1528223
1525979
1526324
1525874
1525441
1524616
1526296
1525741
1526431
1527979
1525774
1529087
1527380
1528191
1529115
1527934
1527183
1529922
1529080
1530729
1530091
1528770
1526897
1529514
1530682
1528574
1529685
1531370
1529456
1527784
1527568
1530449
1525988
1525161
1522575
1518454
1516841
1520023
1525673
1527707
1530763
1530245
1533437
1532859
1533011
1535146
1531691
1531088
1533546
1532425
1533715
1531789
1530343
1532239
1534171
1532887
1532966
1534631
1533989
1534025
1535558
1535006
1532494
1530468
1528201
1526524
1526750
1529421
1531784
1534422
1536342
1536314
1535520
1533764
1536151
1534130
1536992
1537188
1535689
1535388
1537835
1539265
1538936
1538384
1539333
1538514
1539065
1538877
1539340
1539044
1540434
1535936
1539211
1537311
1538004
1534168
1534673
1537344
1537223
1538356
1538409
1540924
1538082
1539331
1541286
1540035
1540545
1540487
1542551
1541320
1540674
1540117
1542696
1540787
1541087
1541496
1538887
1536583
1540400
1541145
1540619
1543694
1543706
1542301
1544079
1546453
1544016
1544161
1546128
1544676
1544918
1544095
1546079
1546762
1545377
1545085
1544090
1549362
1546233
1545116
1544302
1545745
1544040
1544704
1541929
1541507
1537599
1529440
1528654
1535830
1540966
1542672
1545610
1545035
1545819
1549444
1546747
1548570
1550469
1546983
1548225
1547523
1548973
1549704
1547835
1548204
1551679
1549279
1549895
1551058
1550130
1546512
1546678
1547919
1546691
1541693
1536450
1531758
1534246
1541754
1544863
1549623
1551820
1548904
1550581
1552343
1550085
1551768
1553951
1551040
1551403
1551583
1552376
1551418
1552632
1552373
1553844
1552050
1553596
1554685
1557563
1556448
1553615
1551637
1552412
1550976
1552025
1551718
1551864
1553149
1552756
1554039
1557513
1553190
1556197
1555406
1557837
1555678
1556116
1558135
1555557
1557414
1556438
1555991
1555908
1554886
1554171
1554066
1551553
1552364
1553123
1554095
1557463
1557785
1557552
1557159
1556596
1558056
1556564
1557727
1557163
1559763
1559469
1558193
1558304
1560670
1558189
1560707
1558392
1559323
1559869
1556706
1559688
1556417
1557377
1556000
1554446
1548763
1540685
1538973
1546936
1552237
1556295
1556565
1556325
1560974
1560585
1559851
1560141
1561422
1562716
1560512
1561250
1559962
1559354
1560261
1559463
1560147
1558930
1562701
1561520
1560480
1560693
1560407
1558159
1555323
1557152
1548341
1542761
1544913
1549357
1557493
1556105
1561903
1559362
1562273
1561749
1560081
1560493
1562089
1561533
1561897
1562137
1562001
1560881
1563180
1563086
1561561
1563823
1562300
1559180
1562710
1563662
1563200
1561979
1558434
1559818
1557776
1557130
1555234
1560012
1561712
1561841
1561300
1564477
1561965
1561362
1562762
1561850
1564907
1563612
1562232
1563182
1562631
1562034
1563474
1564121
1561310
1560089
1560705
1555795
1558545
1559624
1561039
1563347
1564454
1563125
1563890
1563746
1563459
1564704
1562931
1561583
1562649
1563174
1566646
1561535
1563737
1563791
1561665
1563741
1563745
1563337
1564740
1563817
1563504
1561481
1560576
1557759
1555855
1552126
1552700
1558822
1560268
1560256
1562521
1563566
1562951
1564476
1561819
1561230
1560259
1560779
1561067
1563681
1563172
1563016
1564487
1563074
1562964
1561329
1561792
1564476
1560023
1562887
1560466
1559621
1558260
1555528
1550480
1548278
1549478
1555333
1555723
1557649
1562537
1560358
1561865
1562252
1560986
1557889
1559439
1559983
1557866
1561642
1560784
1558724
1559486
1560529
1561485
1559896
1559252
1562122
1560369
1560445
1559918
1560411
1561379
1557922
1561121
1559716
1560375
1560540
1559105
1559655
1558728
1561656
1559144
1561102
1559442
1557962
1560547
1557621
1558648
1557252
1558163
1558274
1560241
1558805
1559786
1559351
1558342
1560126
1556124
1555655
1558547
1557555
1558201
1557448
1555584
1557326
1556277
1557964
1557057
1556163
1558414
1557692
1557669
1557720
1558221
1556305
1557165
1556850
1552861
1521446
1543995
1542322
1542037
1539687
1539184
1540447
1540145
1540290
1540168
1538766
1540729
1538619
1537350
1537057
1539642
1536970
1537423
1539013
1536495
1536547
1535779
1536489
1537093
1537398
1538672
1536818
1539309
1536079
1537622
1536318
1537099
1536245
1537944
1536706
1535952
1531212
1535969
1534193
1536404
1534251
1535697
1536770
1532909
1535306
1535503
1533820
1533672
1532626
1536015
1533931
1534047
1533734
1531840
1533906
1532643
1533775
1534206
1531921
1534025
1531774
1531322
1528563
1529300
1524715
1523473
1519605
1519334
1522387
1523817
1529761
1529652
1529241
1530080
1531063
1530196
1530580
1529473
1530861
1529939
1529254
1528431
1527379
1531235
1527496
1529542
1529697
1530047
1530126
1527482
1527227
1528133
1526042
1526072
1522626
1521007
1520972
1518860
1519240
1522823
1526080
1526042
1527117
1526728
1528478
1525346
1524709
1524840
1527145
1527120
1524883
1525507
1526789
1523538
1525249
1524152
1524081
1523357
1525213
1525867
1525715
1522999
1524296
1522503
1520947
1519025
1518340
1516039
1519843
1519630
1519819
1520539
1521499
1520954
1519574
1517050
1519270
1522916
1521231
1520061
1520949
1519500
1520462
1519804
1520585
1516021
1519227
1518173
1516676
1515506
1513033
1513610
1519070
1518003
1518151
1518238
1518389
1517582
1517395
1518034
1518390
1517865
1518576
1517974
1517790
1516476
1517285
1516835
1515435
1515755
1514418
1516532
1516241
1516127
1515364
1513285
1510140
1511810
1506936
1497742
1493265
1498076
1504031
1509475
1511986
1510793
1512057
1510737
1511160
1512924
1514213
1512400
1510703
1511963
1511507
1512223
1511534
1509597
1507993
1511840
1511218
1509926
1509160
1508784
1509660
1508331
1507458
1508280
1501622
1494012
1490043
1493586
1498771
1503727
1506974
1507557
1506254
1506157
1507562
1506860
1505995
1505974
1506818
1506070
1510363
1505684
1506208
1504158
1505236
1507098
1508158
1507176
1506344
1505057
1506902
1504835
1503532
1506075
1503869
1502771
1502195
1500888
1504363
1501945
1500986
1505498
1502934
1502487
1504608
1502592
1504109
1504021
1504717
1505078
1503170
1502697
1502633
1504435
1503442
1503350
1501808
1499658
1499840
1494297
1497859
1500110
1501383
1498885
1501980
1501804
1500260
1500450
1497669
1499759
1502015
1499071
1500490
1502389
1498244
1498262
1501553
1499522
1497126
1500524
1499948
1499930
1497585
1497159
1497415
1496813
1496049
1493848
1488510
1482807
1477319
1480921
1487564
1492935
1498460
1494618
1497126
1496301
1497247
1497539
1496287
1496710
1497020
1497575
1497410
1497986
1496786
1496671
1495342
1495052
1495160
1496431
1496947
1497190
1494893
1494180
1492711
1489599
1486441
1477599
1476614
1482713
1487974
1489777
1493094
1496879
1495309
1494665
1493721
1494054
1495198
1495825
1495911
1495653
1494799
1494741
1494042
1494681
1495717
1494266
1496640
1494748
1495054
1496126
1493814
1494727
1494494
1495203
1492782
1492175
1489622
1487265
1491251
1492467
1492375
1493161
1495171
1491269
1494237
1492565
1492046
1491977
1493028
1493349
1494615
1493615
1491655
1494064
1493515
1493142
1491632
1491827
1487770
1487549
1487907
1493166
1491838
1492107
1495496
1493400
1494163
1494498
1492021
1491111
1492094
1493499
1492756
1495344
1493358
1492118
1494069
1490837
1491695
1493056
1491480
1493287
1492263
1492903
1493477
1494607
1491138
1488870
1485361
1481474
1484947
1489756
1490846
1492476
1494574
1492379
1490682
1493767
1493910
1494440
1494865
1494247
1493022
1494294
1492835
1494187
1494419
1492150
1493439
1493598
1493718
1492598
1494313
1493234
1492875
1492492
1491057
1484933
1482146
1481108
1483121
1488550
1489562
1492332
1492205
1494459
1494883
1495143
1495112
1494580
1495029
1495393
1496118
1493544
1494706
1497105
1493679
1494980
1496584
1495595
1494519
1494700
1494339
1495827
1497014
1496627
1495852
1497739
1494737
1494772
1496080
1495905
1495314
1497398
1497341
1498478
1498464
1498043
1498316
1496241
1497151
1499192
1496756
1498282
1497455
1500309
1499439
1497620
1499539
1496796
1497075
1498636
1498474
1497766
1497451
1499524
1498019
1500245
1500086
1498371
1499611
1499371
1498927
1502526
1498377
1501569
1501824
1502656
1500957
1503162
1501672
1500179
1501323
1500961
1540704
