1433561
1434559
1435316
1435127
1435424
1434904
1436332
1437631
1436109
1435971
1434945
1438775
1437786
1437720
1437426
1436890
1434158
1438759
1437579
1439454
1437699
1435776
1437947
1437830
1436440
1440037
1437011
1439273
1438629
1438679
1440194
1441087
1439025
1440497
1439287
1438706
1441470
1441548
1437767
1441159
1437813
1440890
1441146
1441652
1440228
1441188
1441623
1441757
1441757
1441499
1440362
1441057
1441975
1441783
1441260
1442965
1442124
1442486
1443521
1443965
1442882
1442518
1444197
1444558
1444452
1443898
1444916
1442310
1442089
1443871
1444416
1445643
1444344
1444566
1445426
1444762
1443668
1445879
1445695
1444870
1445742
1445656
1447064
1444446
1445293
1445170
1444124
1447348
1447956
1444691
1444965
1447707
1449642
1448564
1446310
1447390
1446223
1450383
1447127
1450535
1449070
1449219
1449388
1450814
1446969
1450969
1450123
1451968
1449201
1450536
1447044
1450937
1449357
1448985
1450029
1452493
1452780
1450216
1449336
1449921
1453411
1452537
1451626
1449885
1451194
1451724
1452246
1453731
1451281
1456165
1453842
1453981
1455078
1453721
1453114
1454743
1453928
1453964
1454710
1455809
1454625
1455349
1453529
1453874
1455301
1456964
1456626
1457017
1455283
1456815
1456609
1456409
1455712
1457100
1455539
1458036
1454484
1456259
1455747
1456326
1455699
1458534
1458457
1456375
1455516
1458836
1456774
1459842
1458810
1457442
1458393
1457885
1457424
1457504
1456421
1458225
1457103
1459056
1458913
1455234
1454623
1456165
1451107
1445699
1435426
1423320
1420721
1436423
1445999
1452242
1450530
1456060
1456242
1456956
1457421
1460689
1459641
1457372
1458665
1460686
1461028
1463029
1460544
1461189
1459106
1461819
1460303
1461232
1462237
1462149
1460614
1461036
1459959
1455719
1450485
1440234
1442663
1452155
1456659
1459991
1461271
1463350
1462168
1463200
1464074
1464647
1463104
1465295
1466681
1465626
1463421
1464030
1465118
1464115
1465642
1465967
1463844
1466255
1464463
1464198
1464325
1461370
1460554
1458797
1450761
1447276
1453370
1459588
1461689
1464564
1466407
1466189
1468682
1465914
1465074
1465300
1466976
1466439
1468189
1467121
1467136
1467624
1466373
1465538
1462578
1459220
1455433
1450475
1456787
1462687
1465343
1469253
1468940
1470565
1469313
1470017
1471785
1471921
1471001
1470592
1470187
1469665
1470024
1471693
1470185
1471713
1470113
1472633
1470341
1470064
1469013
1469312
1467824
1466408
1463149
1452484
1449760
1450541
1460233
1464978
1467359
1471005
1470016
1469171
1474807
1472419
1471736
1473121
1469891
1471441
1471788
1473920
1471716
1473257
1474102
1471459
1471344
1471438
1472913
1470912
1469548
1468451
1466038
1461789
1452858
1436140
1432648
1442954
1457359
1463371
1465848
1468855
1471247
1470266
1473383
1471470
1472500
1473047
1475070
1474507
1475026
1474871
1476161
1473601
1471865
1474128
1473202
1476168
1474727
1474865
1475884
1475151
1476555
1475318
1475112
1473831
1476169
1475446
1476588
1476258
1475978
1476231
1475800
1477367
1476254
1476944
1475613
1476109
1476771
1475576
1475254
1476895
1473065
1476766
1477036
1478022
1479123
1478080
1474344
1475237
1476056
1474786
1475518
1477675
1476980
1479985
1475689
1476017
1473428
1478001
1474609
1476256
1475084
1473571
1475401
1478252
1478404
1476735
1474674
1476954
1476985
1476369
1476230
1473784
1475618
1476581
1477190
1475192
1476854
1477882
1476177
1478812
1477771
1475597
1475111
1476757
1474172
1476628
1477607
1476066
1476433
1476435
1477680
1476523
1474742
1476589
1475859
1476196
1475951
1477690
1474912
1475838
1476037
1474616
1475761
1474110
1476138
1476101
1474263
1475561
1477771
1474591
1474639
1476780
1476930
1475026
1476467
1473623
1474608
1474261
1474722
1473803
1473007
1475116
1475370
1474380
1475055
1473110
1473957
1473124
1474363
1474497
1473578
1474220
1473631
1475268
1473600
1473103
1472912
1472943
1472522
1476531
1472392
1472991
1473752
1472685
1474971
1471884
1473243
1470996
1471981
1472646
1472984
1471767
1473021
1471209
1470574
1470314
1472712
1473453
1472401
1473128
1471352
1471138
1472522
1471724
1472326
1472208
1468899
1470610
1469632
1470237
1472684
1472148
1470330
1470445
1470154
1469527
1469560
1470543
1469650
1435493
1457985
1457883
1455560
1455169
1457074
1455819
1458071
1458289
1455150
1456051
1455930
1455935
1455253
1456951
1456128
1456150
1454712
1455789
1455926
1454203
1454635
1454103
1455150
1455625
1453640
1455886
1452488
1454672
1457659
1454021
1454414
1452926
1452131
1453581
1455179
1452035
1450911
1452790
1453040
1452458
1451371
1453561
1453288
1452245
1451874
1453072
1452698
1452525
1452702
1453869
1451755
1450431
1453025
1452296
1453312
1451822
1452561
1450951
1450805
1451384
1451836
1449885
1451062
1447615
1450106
1448738
1449338
1451088
1448223
1450167
1448883
1446962
1449083
1448924
1449489
1448555
1449300
1448483
1449263
1448385
1450923
1446726
1446844
1447483
1448690
1446906
1444149
1447019
1444836
1446081
1447234
1446220
1449160
1444431
1446321
1446293
1446059
1446013
1445703
1443880
1446411
1445448
1447146
1445738
1444876
1441166
1443774
1446937
1443027
1443585
1443150
1443378
1442969
1444013
1444148
1443459
1442378
1443368
1442314
1442683
1443227
1440908
1442235
1441173
1440816
1442766
1440790
1438711
1440289
1440239
1437571
1441219
1440091
1440506
1439240
1440454
1439988
1436929
1441332
1440394
1438529
1438103
1438431
1436951
1438251
1436314
1439692
1436403
1437939
1437796
1435513
1435030
1437609
1434819
1436887
1436905
1433460
1433227
1435504
1435498
1432596
1434050
1434150
1435623
1433558
1432969
1434968
1429885
1434288
1433178
1433208
1433808
1429353
1433153
1429015
1427344
1426894
1421905
1415745
1402118
1389071
1391811
1405590
1415603
1424736
1425311
1426372
1428957
1427138
1427286
1426095
1428498
1427558
1426925
1427994
1428667
1426824
1430702
1430523
1426243
1427783
1428504
1427565
1426819
1425808
1427489
1425056
1421949
1420317
1413488
1402189
1403236
1411939
1418638
1422896
1423064
1424966
1423783
1424571
1425344
1425708
1424985
1426393
1423321
1425356
1426503
1424507
1423705
1424384
1425328
1423258
1423410
1424575
1423554
1425689
1421688
1421124
1418544
1418411
1413688
1406599
1406902
1409889
1415818
1418105
1420188
1419750
1418430
1419693
1420793
1418330
1419535
1418737
1418182
1418790
1418505
1418387
1417028
1418996
1416305
1417140
1411733
1406238
1398690
1406476
1410356
1414075
1414629
1417949
1415731
1415834
1416712
1419028
1418481
1419497
1419808
1417789
1416269
1418099
1416160
1417434
1418234
1417046
1415322
1415248
1416498
1416828
1415958
1415345
1412546
1412808
1409727
1402707
1395120
1392446
1402927
1407964
1411173
1413981
1412246
1415909
1414392
1412692
1414332
1414900
1413021
1414777
1414006
1414928
1414995
1414223
1413297
1415015
1412260
1410498
1411577
1411857
1411491
1411460
1407681
1407303
1400389
1388622
1374555
1375645
1387153
1397678
1404109
1406304
1409378
1409496
1409324
1408327
1411746
1410205
1411638
1411775
1411708
1413829
1409116
1413241
1412913
1413201
1411998
1408568
1412927
1411624
1412136
1411810
1411202
1412826
1412978
1412933
1412463
1412060
1411493
1414049
1410416
1413100
1411502
1412333
1411236
1411800
1414762
1412381
1412494
1410748
1412873
1413991
1411702
1410937
1411789
1411542
1412738
1411730
1411937
1411759
1411400
1411512
1411998
1411834
1410218
1412711
1411822
1411152
1410605
1411301
1413470
1413217
1413010
1412603
1411855
1412139
1413542
1412564
1410685
1412319
1412735
1413716
1411641
1412927
1411787
1411555
1412353
1412640
1411865
1413113
1414893
1413101
1413451
1413127
1412272
1411792
1409851
1412755
1410773
1411367
1412211
1412842
1411268
1413125
1410828
1410867
1411391
1412698
1411030
1411328
1414051
1412738
1411275
1412531
1413743
1412066
1411575
1412657
1413788
1415074
1414869
1414048
1410654
1413608
1412790
1412672
1413054
1413638
1413830
1411570
1415851
1413675
1414199
1413840
1413228
1413699
1412479
1414327
1415748
1411923
1413822
1413604
1412493
1415164
1414870
1413880
1414478
1416480
1414689
1412797
1414945
1413030
1415555
1414626
1414899
1415803
1414538
1414935
1415718
1417215
1415293
1415322
1416671
1416582
1416627
1416095
1417582
1415883
1416782
1416125
1415860
1417843
1416917
1418480
1418336
1416133
1417758
1416990
1417814
1419022
1417220
1418741
1419319
1418157
1417178
1417870
1419196
1418704
1418450
1419447
1418814
1421296
1418457
1419595
1456705
