1723879
1725286
1728902
1727451
1725223
1727248
1727343
1724373
1726037
1727027
1728500
1727870
1729023
1727838
1728732
1728542
1729547
1728179
1727092
1726759
1728448
1729466
1727823
1730009
1728624
1729438
1729007
1730382
1732622
1730511
1730189
1730774
1729415
1732037
1732795
1732249
1735227
1733820
1732887
1731597
1734850
1733206
1730168
1730870
1733311
1733334
1733872
1734338
1732569
1736527
1737456
1735130
1735016
1737749
1735232
1737960
1735790
1738727
1735897
1737179
1735916
1735860
1736779
1735255
1736633
1738667
1738461
1735946
1737160
1735204
1735649
1733760
1730812
1733272
1733700
1736459
1738828
1740023
1737031
1739254
1737586
1743092
1738153
1739482
1738341
1740614
1744095
1739209
1740933
1740857
1741187
1744890
1743006
1742027
1743661
1740468
1742147
1741423
1741647
1739261
1737634
1737008
1733968
1737273
1737952
1740847
1743644
1743099
1745200
1744241
1743681
1744683
1743989
1746127
1742029
1746313
1747557
1746935
1746175
1748675
1747097
1748520
1747822
1747520
1746554
1751888
1749991
1749207
1748175
1747999
1748286
1750131
1748159
1749572
1747372
1747821
1749400
1750662
1751871
1751017
1747768
1752480
1749622
1750372
1750212
1752887
1751899
1751449
1750353
1750662
1750540
1753962
1751127
1752757
1752378
1751417
1751102
1753899
1754683
1753762
1754140
1754718
1752808
1756489
1755024
1754444
1754037
1757175
1754280
1755210
1757757
1754041
1756254
1756526
1755394
1754895
1756290
1756096
1756864
1757056
1756169
1757274
1752482
1753828
1750679
1751140
1752964
1754173
1755489
1758424
1760368
1757646
1758373
1758546
1759898
1761090
1760276
1761615
1759854
1757813
1760896
1761413
1761432
1760794
1760113
1761857
1759754
1759762
1761348
1761514
1758920
1760441
1760195
1757631
1753783
1754827
1756799
1761657
1764579
1762885
1764367
1763173
1761719
1763335
1763614
1765902
1766388
1763717
1764512
1766547
1765424
1766292
1765783
1765259
1764281
1766172
1764445
1765249
1767460
1765370
1766525
1764184
1767869
1766969
1765402
1765705
1768330
1769819
1766216
1769545
1767306
1768451
1768214
1768865
1767409
1767955
1769968
1769238
1771153
1770384
1770045
1770789
1767108
1770364
1768666
1767518
1766994
1767996
1767008
1772121
1769462
1770415
1770432
1770659
1771778
1768586
1770293
1772452
1771408
1771660
1775168
1770920
1770964
1772539
1769695
1774256
1771646
1771127
1773083
1771730
1772387
1772548
1769651
1771246
1766556
1763518
1766804
1764963
1767705
1770798
1773138
1770286
1772519
1772480
1774091
1774294
1774537
1773590
1774557
1774203
1774176
1774128
1772079
1774329
1773873
1773665
1776697
1776026
1772493
1774464
1772929
1773772
1772699
1772600
1772388
1768366
1767178
1768921
1771565
1774061
1774729
1775107
1777197
1775057
1775633
1773913
1775981
1778348
1776597
1777005
1774705
1778094
1773843
1777489
1776664
1778240
1774870
1778378
1776859
1775380
1776146
1777171
1775517
1778143
1776728
1774489
1775410
1775168
1776156
1777303
1777642
1774643
1777765
1776373
1777355
1777083
1776719
1778298
1778936
1774978
1777931
1776318
1776968
1776573
1778014
1777395
1777246
1775370
1777202
1776131
1775886
1776503
1777318
1780690
1777451
1778067
1778679
1778614
1777230
1775526
1777180
1779361
1774970
1775450
1779048
1776097
1778372
1777601
1775512
1775848
1777878
1778097
1778257
1775451
1776015
1774473
1770484
1766918
1766280
1766058
1773767
1773667
1774748
1777549
1777167
1774766
1777469
1776555
1777113
1776409
1777860
1775527
1777456
1777795
1775446
1777023
1776061
1774609
1774697
1776296
1777919
1773486
1773119
1777385
1771653
1772741
1770692
1770116
1768209
1767572
1769947
1773338
1773969
1777060
1777186
1772993
1775998
1773919
1776191
1774726
1776162
1775055
1775116
1771551
1772386
1773931
1776286
1778088
1773321
1774950
1773106
1774300
1773001
1774348
1774329
1774072
1773744
1772433
1771399
1772409
1771446
1773792
1772661
1773272
1774330
1773347
1773461
1773183
1772451
1773702
1773050
1773036
1770647
1772967
1771919
1769589
1771816
1770540
1768961
1769534
1769190
1769325
1769060
1770142
1770471
1773285
1770271
1771840
1767201
1770642
1769504
1771037
1771397
1771376
1769672
1769818
1771657
1770041
1769031
1768439
1765409
1726277
1752259
1751872
1750243
1752808
1752560
1750736
1750441
1752251
1749640
1749231
1751760
1751501
1748007
1746744
1747817
1745190
1749020
1747560
1749847
1750825
1749627
1745657
1749111
1747433
1749050
1747530
1747400
1747307
1746132
1747066
1748027
1743845
1747696
1744365
1744888
1743394
1743794
1742548
1744691
1744794
1745657
1745981
1745819
1745980
1745242
1745220
1744108
1744660
1746653
1746700
1743872
1743393
1743517
1745534
1744729
1744840
1744778
1740362
1742805
1743460
1742615
1742992
1740425
1738344
1738551
1734420
1733242
1736136
1737237
1739071
1740410
1742639
1740012
1741022
1741895
1741214
1740844
1738877
1742038
1740241
1737724
1741600
1740887
1737008
1738005
1739463
1736653
1740331
1737481
1737529
1737805
1737317
1735915
1733103
1731112
1729239
1724083
1732929
1735698
1734260
1733460
1733610
1734928
1735389
1737448
1736529
1736772
1734753
1735838
1735263
1735682
1734702
1733480
1734313
1733677
1733070
1732171
1731537
1732830
1732237
1732814
1734490
1731119
1730727
1730380
1727601
1729261
1731203
1733230
1731436
1729938
1729692
1731313
1731154
1731168
1729981
1730774
1728497
1729843
1729284
1727989
1727553
1729208
1730150
1729404
1726370
1728796
1730165
1723659
1726023
1726185
1725080
1728040
1724273
1726873
1725848
1725508
1726743
1726739
1724896
1725375
1723884
1723213
1724893
1725082
1723277
1724030
1722160
1723646
1724432
1725064
1723743
1721515
1723533
1722419
1721614
1719940
1718292
1713461
1713772
1715421
1712747
1717363
1716632
1719354
1721500
1716936
1720014
1719141
1718884
1719818
1717657
1720260
1718576
1719698
1717788
1719136
1717231
1718198
1718009
1717848
1716957
1716995
1714839
1716663
1714754
1715046
1711093
1710400
1708002
1709665
1711893
1712381
1714785
1714598
1713209
1714880
1714565
1715722
1712358
1717226
1713098
1712205
1713579
1711181
1713511
1714142
1713440
1711650
1714753
1711505
1710743
1712451
1712689
1712463
1711131
1711180
1712214
1710834
1710276
1708336
1708826
1709245
1711205
1708909
1706506
1709480
1709786
1708891
1706448
1706717
1708284
1707272
1707960
1710231
1708099
1710209
1708231
1707558
1705627
1707577
1706171
1705164
1704431
1705116
1702817
1706204
1707129
1704926
1706452
1703149
1705191
1706485
1706336
1703506
1704950
1706555
1705788
1705927
1703113
1705914
1705317
1703796
1706007
1705584
1704279
1701542
1703310
1702341
1703350
1700637
1701784
1699950
1696859
1697226
1696729
1700719
1700907
1700529
1700337
1702906
1702266
1699813
1701358
1699979
1700830
1701999
1699741
1699976
1701169
1702000
1701975
1699744
1701143
1701425
1699132
1702531
1698278
1698298
1699123
1699240
1696973
1692340
1691963
1693811
1694946
1697463
1697570
1698049
1697471
1695841
1698775
1699928
1698030
1699095
1699210
1697593
1697997
1699133
1695613
1700554
1698272
1700373
1701156
1699049
1697766
1698283
1697164
1700125
1696010
1695891
1696939
1697680
1695271
1696839
1695038
1698234
1695192
1695923
1696568
1698373
1697053
1695930
1697266
1696076
1697038
1696933
1698496
1697877
1698461
1700296
1696783
1696549
1697980
1696405
1696084
1695255
1696378
1696939
1695243
1694652
1697122
1697035
1697823
1696440
1698320
1697657
1699406
1695129
1694278
1697383
1698403
1696161
1696080
1697998
1695694
1697330
1694547
1696994
1696003
1695564
1694202
1694351
1693283
1694669
1688727
1691118
1684240
1687572
1687778
1692619
1694919
1696439
1695442
1694681
1696661
1696362
1694243
1695974
1695505
1696067
1695211
1695673
1696177
1699161
1696389
1696859
1697725
1696927
1697396
1695868
1697911
1696744
1695501
1695387
1690329
1689678
1689571
1690792
1695276
1697873
1696533
1696406
1696224
1698257
1697159
1696928
1698443
1696076
1697779
1698543
1697735
1700441
1698508
1697698
1698910
1698063
1697488
1700334
1700152
1699296
1698292
1698617
1700247
1697868
1696122
1700035
1696475
1696608
1697627
1701374
1699882
1701401
1699735
1703287
1700330
1700688
1700391
1701473
1700347
1703946
1698838
1701625
1698856
1699143
1700942
1700736
1699612
1698983
1700533
1701447
1701890
1702972
1702558
1705034
1704357
1703156
1705007
1701011
1704040
1704816
1704971
1704244
1704171
1705082
1705174
1704767
1706137
1704345
1705702
1704633
1751204
