350369
350504
350247
350745
351076
349974
350755
349915
349959
350744
350763
350468
350538
351830
350680
351658
350154
350865
350921
351605
351453
350331
350896
350702
351244
350559
349975
351856
351853
351173
353008
351885
350766
351114
350748
351524
350883
350675
350426
351462
351173
353085
351591
352137
351766
352749
351550
351984
351781
351974
351839
351627
352850
351475
352463
352669
352882
352879
351973
352709
351706
351427
353708
352288
353207
352044
351863
353663
353777
352756
351973
352274
352597
350073
351468
351341
352831
354312
353455
354040
353255
352996
353954
353417
353412
353431
354156
353209
354426
355049
352559
354186
354271
354593
354402
354501
353718
355031
354966
353718
354253
354340
354107
354126
353500
355668
355331
354208
354217
354536
354867
356123
354633
355330
354564
355808
355868
355962
354781
356019
354914
355158
355655
355630
355300
356087
355351
356305
356103
356570
357290
356774
356103
356755
356412
355384
356061
355926
358071
356800
356484
357935
357433
356856
356851
357747
357678
356021
356817
358071
358360
356482
356349
358382
357802
356250
356901
358083
358731
357760
358588
358769
359406
358300
357688
358806
358295
359062
358678
358182
359752
359372
359002
358049
357604
358689
358407
359208
358614
358239
359185
359073
357806
356553
355734
353133
351710
355471
356220
358932
358915
359976
359155
359185
359178
358547
359112
358373
360383
359603
360752
359713
360673
360189
358702
359504
360348
360890
360152
359590
359615
359014
358512
358406
355931
353776
356302
357129
358140
359850
359773
360056
360150
360756
361075
359422
361060
361344
360670
361524
360581
360168
359147
360269
360213
359531
359742
360965
360533
360076
361405
358923
359439
360060
358190
357693
357432
360164
359994
359473
359085
360319
360656
359370
360581
360025
359978
359704
361620
360859
361408
359698
360609
359735
360115
359962
357229
356634
357485
358316
359833
362254
360048
360740
360540
359814
359573
360860
359582
360078
359839
360316
358629
360173
359922
360054
360296
359930
360535
359610
360531
358721
358824
358458
357575
356817
355222
355071
356587
359203
359109
358813
359958
358874
359544
359334
360115
360185
359685
360096
360638
360471
359457
359530
359377
359120
359160
358701
361508
359637
359517
358372
358291
357911
357161
352958
350912
352690
356148
358285
357912
358603
359573
359293
359835
359559
359316
360124
359186
360087
360620
359238
359688
359666
360030
358924
359193
359850
359072
359439
358354
360721
358593
360154
359395
359370
359641
359449
359619
359782
358568
359817
358915
359511
359750
360691
359802
360069
359058
360284
360147
360855
359315
358794
360513
360087
359619
359377
359466
359175
358849
359071
361396
359607
359604
359503
359578
359073
359448
359633
359482
359560
360182
359651
359605
359291
359338
358917
359691
359419
359446
360085
359422
360955
359279
359191
357862
358874
358796
357575
358751
359499
360338
360053
358991
360038
359093
359736
359600
359478
360331
359339
359208
359594
358167
360269
358833
360413
360175
360026
359549
359788
358811
359478
359117
358856
357614
359908
356677
359002
358507
359357
358239
359750
358502
358763
359416
359221
358682
360057
358645
359381
358609
359922
358189
359253
359009
358926
359778
359069
358336
359452
359214
358986
358691
359274
358957
358587
357932
358010
359733
359796
358367
358060
359172
358289
358322
358527
358895
358699
358881
357909
359136
358375
358603
358307
358558
358818
359188
359027
358311
358477
357923
357932
359007
358138
357268
358559
358245
357399
357852
359202
358934
357312
358763
357606
359261
357714
358809
359117
356742
350429
355264
353994
354539
353886
354383
354514
354846
355503
354911
353596
354814
353962
354806
355192
354566
354827
354375
354695
353853
354338
354670
355428
354466
354802
354166
354203
354342
353796
355522
355246
353798
353667
354220
354549
354085
353623
354701
355480
354623
354372
355433
352983
353631
353780
354542
354612
353359
353783
353924
353693
353995
354038
353533
353459
353874
352895
354077
353710
352595
353362
353034
354040
353246
352094
352997
352367
352324
352287
352932
352756
352438
352213
352885
352338
353315
352360
353873
352036
352101
352439
354318
352013
352792
352359
352751
352117
351846
353244
352263
352897
352295
351891
351489
352805
353289
351631
350269
352048
351286
351427
352567
352451
352398
351776
352643
351848
352650
352776
352127
352251
352252
351478
351167
351475
352526
351982
352799
352223
350533
352178
352083
351445
352334
352585
350636
351171
351494
349129
351355
351202
352625
350553
351017
350502
351599
352310
351067
351961
350866
350722
350779
349519
349890
351376
351773
350765
350658
350458
349605
351012
349698
350712
350944
350521
349975
349972
350322
350137
350200
349809
349809
349360
348973
349208
349445
349496
349888
349696
349681
349923
349073
349036
349779
349318
349345
348213
348193
346921
345764
343181
341500
342322
345135
346835
348842
348452
348091
348117
350253
349713
348341
349265
347700
349617
348214
348768
347134
348826
348518
348693
348468
349308
348388
347612
347170
348005
348317
347798
346677
343895
342906
342846
345420
346564
347488
347698
347415
346086
347677
347836
348175
347417
347041
347597
348221
348364
348393
347413
347893
347987
346835
348144
347864
347724
347999
345888
348610
346492
346425
345655
344408
343916
345138
345613
345981
345861
346496
347883
347125
346395
347507
347426
346178
347521
346440
345718
346710
346449
347200
346297
346484
345349
345027
342403
344260
344719
346368
345648
346382
346174
346470
346777
346936
347040
346797
345770
346036
346439
346007
346437
346722
346129
345956
345892
345199
346381
345352
345640
346636
345054
344864
344488
342803
339790
340869
342205
344598
345860
344256
344279
345910
345495
345727
345850
346111
345772
346549
345269
344960
344892
344534
345502
345028
346751
345575
344769
345701
345703
345286
344567
343816
342825
340745
337641
337051
339517
340778
342067
344307
345197
344880
344044
345430
344278
344968
344992
344675
345084
345370
345207
346198
345289
346243
344541
344921
345802
344982
344752
344734
344236
345932
344386
344270
345095
343286
343620
345073
345113
344631
346100
345100
344964
345086
344368
345088
344622
345487
345026
345073
344498
345208
344212
345256
344833
344761
344301
343524
343420
344536
344833
344353
345359
345302
345326
344546
345137
345113
344237
345364
344870
345201
345210
344957
345532
345032
344664
344930
344339
345483
345521
345525
345763
343993
345733
345048
344721
344129
344353
345362
344777
346135
345691
344557
344766
344512
345234
345145
345230
345675
344356
345309
344712
344671
345415
346729
344728
345673
345280
346101
344936
345738
346205
345555
345669
344674
343463
344308
344260
344235
345070
346119
346040
345635
345946
345597
344873
345957
345605
345554
345394
345905
345184
346310
345878
345575
346460
346431
346020
345771
344943
345144
345253
345340
344507
346717
346855
344626
345769
345416
346061
345634
345865
346477
345444
345978
347092
347158
347007
346016
345935
346744
347067
346220
344802
345714
345656
346141
346794
345507
345850
346191
345811
347739
346963
346628
346494
346786
347488
347843
346727
347172
346721
346976
347731
346386
346911
346976
347557
347247
347308
348134
354544
