1647268
1650589
1651255
1653245
1650482
1649347
1650932
1649853
1649948
1650290
1651607
1651873
1650590
1652193
1651355
1655056
1650099
1652931
1652296
1654109
1652181
1652966
1650533
1653629
1654046
1651312
1652792
1653319
1655793
1655996
1656847
1654019
1652550
1654530
1654732
1654398
1655673
1652638
1653651
1654896
1653853
1658543
1655563
1657001
1655277
1656211
1654486
1657283
1656401
1654356
1654203
1658671
1656447
1657369
1656501
1657804
1657819
1657153
1658271
1658500
1657046
1659306
1660383
1659274
1658837
1656691
1659533
1661396
1661490
1659746
1657897
1657435
1656619
1651014
1653793
1654677
1659884
1660735
1661058
1662988
1661400
1660664
1661271
1662487
1663858
1661128
1664574
1663041
1665236
1663464
1662721
1665750
1663525
1665212
1664933
1666423
1662613
1664019
1663267
1666054
1665656
1665915
1663515
1662437
1661536
1664178
1665672
1667919
1666947
1668806
1665041
1669803
1669201
1668730
1669642
1668362
1669715
1670243
1667689
1669968
1669413
1670199
1669909
1669478
1668758
1670668
1670060
1672746
1671928
1671586
1672027
1670804
1669994
1670926
1672560
1669397
1673446
1671638
1672329
1672927
1673426
1677153
1675368
1672753
1675822
1676627
1673823
1674146
1674287
1676971
1676660
1674635
1674964
1676406
1674876
1673899
1674514
1677418
1677770
1676883
1677741
1674722
1677277
1677213
1676140
1680008
1674837
1678721
1680237
1678354
1681993
1682009
1678630
1679017
1679775
1678702
1679083
1681946
1676977
1677615
1675700
1676493
1670271
1667207
1656336
1649376
1645269
1655730
1665760
1675550
1679432
1680066
1677917
1679395
1681662
1680609
1682555
1681911
1681750
1683629
1683472
1682235
1683090
1684107
1680480
1684918
1685860
1685735
1685468
1685311
1684512
1683329
1680268
1673886
1664610
1660337
1663124
1673164
1676593
1683595
1682994
1683412
1685875
1687811
1687573
1687271
1687733
1687943
1687282
1688788
1687345
1686732
1684767
1687862
1685422
1685018
1686490
1688286
1689185
1686766
1688530
1684250
1683313
1682127
1676739
1674948
1677459
1683558
1683791
1687340
1687281
1684760
1687984
1685790
1687403
1688522
1688433
1686519
1690647
1688153
1687932
1690037
1686857
1687708
1685067
1683328
1675954
1674333
1678885
1682771
1688909
1688714
1686850
1689686
1689703
1691417
1690219
1692722
1689432
1688314
1688034
1690977
1687897
1689554
1690268
1692114
1690145
1689447
1689987
1687157
1690493
1685226
1687409
1686061
1680201
1675617
1666024
1665319
1673556
1681689
1685528
1688485
1688973
1689820
1688977
1688799
1690019
1690203
1688972
1691263
1690623
1690599
1691642
1691190
1690736
1689524
1688576
1691125
1688955
1689892
1690259
1686292
1682808
1680013
1674608
1659524
1651995
1660107
1674967
1681823
1684436
1688325
1687264
1687711
1689708
1691192
1692449
1691871
1691521
1692200
1693282
1691233
1692039
1688826
1693118
1690425
1692051
1693526
1691167
1693393
1689991
1692954
1690282
1693502
1689551
1688820
1688252
1690100
1688740
1690579
1689772
1692786
1693528
1693008
1691542
1691778
1691604
1692751
1690382
1693797
1691915
1693754
1692658
1693539
1692169
1691349
1692235
1691071
1688645
1688375
1689764
1691533
1695483
1693210
1693612
1693359
1693611
1689965
1692467
1693844
1692246
1693270
1693109
1691699
1693067
1690600
1692582
1690626
1692258
1693067
1692066
1692957
1690090
1695144
1689103
1691134
1689150
1689463
1689039
1686149
1690071
1690913
1691897
1693702
1690621
1691631
1690607
1691448
1690939
1691627
1693462
1693261
1692274
1692577
1690305
1693866
1691822
1693140
1690108
1691952
1692657
1691369
1690346
1690246
1691452
1686848
1687239
1687585
1684020
1687498
1688371
1690837
1691021
1688491
1688846
1689361
1690932
1692181
1691125
1690913
1689859
1690876
1688483
1692471
1688776
1690179
1687615
1689724
1689854
1690780
1690011
1690427
1692602
1692802
1690040
1689960
1687830
1688975
1688913
1689588
1688651
1688382
1689830
1687502
1690456
1685903
1688272
1689634
1687864
1688292
1687066
1688056
1688915
1686077
1686362
1686003
1688123
1686824
1689346
1687112
1686574
1685938
1686304
1685742
1686948
1687346
1686457
1685722
1687092
1685335
1687236
1689726
1688261
1684070
1686184
1684367
1686983
1686365
1685572
1686717
1684358
1650321
1673244
1670454
1670493
1668955
1670889
1672092
1670356
1671370
1671919
1668895
1670672
1669526
1670720
1670476
1669944
1669145
1668888
1669883
1668676
1670092
1668152
1670205
1668567
1669388
1668849
1668949
1668331
1666757
1668329
1669479
1665254
1666864
1665775
1666597
1667703
1666315
1668422
1668278
1667346
1667350
1670073
1666469
1666713
1666315
1667844
1665336
1664363
1663485
1666913
1665039
1665041
1664627
1663395
1664865
1665832
1664474
1665380
1665606
1662877
1663704
1665197
1662385
1663603
1660038
1661496
1659054
1659575
1656924
1660863
1659380
1659628
1658955
1662296
1660196
1664353
1662409
1662251
1661520
1661847
1661001
1663088
1659863
1662255
1660783
1661584
1660224
1659770
1658950
1661226
1660575
1660596
1656097
1659767
1657980
1660187
1658188
1655520
1653661
1657601
1654394
1658737
1659177
1659749
1659753
1659785
1657533
1658497
1659058
1658394
1654876
1658529
1655811
1657679
1657950
1656928
1656243
1656528
1657274
1652473
1657767
1655134
1654473
1655626
1656875
1654072
1651569
1653312
1649242
1651162
1652406
1654882
1652150
1652166
1653566
1653071
1652751
1650965
1652822
1652328
1651772
1651456
1649055
1651329
1652575
1650919
1649742
1649568
1650658
1648461
1647671
1646408
1648117
1647488
1651853
1648307
1649382
1649226
1647425
1649431
1647537
1646813
1647356
1647412
1647291
1645094
1647713
1644792
1644832
1647470
1645290
1643576
1644783
1646722
1645879
1642358
1642891
1639303
1634316
1625943
1613858
1607083
1612212
1626882
1633090
1637778
1638264
1641254
1638521
1643769
1643454
1644020
1643903
1640608
1642721
1640869
1641064
1640748
1641701
1641127
1639418
1639014
1642042
1639753
1639457
1637849
1639453
1637891
1634830
1632852
1621815
1614312
1612841
1625149
1632459
1636953
1636855
1636923
1638791
1637029
1636584
1638796
1638018
1639265
1637647
1637275
1638844
1637232
1638332
1635826
1636055
1635717
1639834
1636287
1634736
1636115
1634648
1635115
1633849
1632021
1626439
1622124
1619392
1625024
1626458
1631303
1632621
1632262
1635672
1635083
1632335
1634209
1632282
1632493
1632390
1632393
1631686
1632307
1632346
1631755
1630494
1628911
1627491
1622006
1615041
1617557
1623595
1629699
1628838
1629934
1628401
1627562
1630921
1630940
1633724
1631169
1632623
1629457
1630904
1629699
1630852
1630480
1628525
1630092
1628590
1628458
1629057
1625587
1626377
1627080
1626578
1624683
1622082
1615135
1601554
1604867
1609855
1620899
1625444
1626796
1625993
1628815
1626446
1626522
1626566
1629362
1627351
1628555
1626187
1626210
1626764
1626075
1627062
1627774
1625146
1625328
1625626
1626793
1623802
1623451
1621621
1617381
1614553
1606104
1590077
1588008
1598887
1608846
1614333
1621661
1622511
1623908
1622903
1626704
1621821
1626382
1624442
1623990
1624946
1623711
1624309
1627090
1624194
1624289
1623982
1624968
1624935
1625651
1622572
1625073
1622139
1625760
1623758
1622008
1621314
1617814
1620227
1622706
1623142
1624178
1623882
1624174
1626366
1623251
1623687
1627426
1624268
1622226
1624086
1624744
1623268
1625341
1623346
1625195
1625079
1621110
1622501
1621756
1621450
1621795
1622273
1623453
1625066
1624850
1623957
1620879
1625187
1624484
1624702
1624073
1623163
1623675
1623242
1621999
1624222
1625086
1622179
1621737
1620996
1624888
1625059
1624074
1622903
1622129
1623005
1622987
1622726
1620735
1620507
1619909
1623660
1625111
1624377
1622284
1624219
1621329
1624080
1625027
1624520
1625255
1624821
1626343
1623596
1624484
1624856
1626216
1623589
1625317
1624725
1625461
1623010
1626791
1624962
1623791
1624078
1623396
1621371
1620163
1618351
1619636
1624039
1622551
1623889
1625697
1627514
1624808
1625448
1626895
1626119
1626830
1626460
1627835
1624250
1624978
1626339
1627907
1627404
1627699
1625209
1627988
1625825
1626466
1626202
1626856
1625734
1630560
1627178
1626998
1627464
1626393
1629507
1629545
1629440
1630166
1630730
1628110
1629674
1629429
1629504
1629199
1630927
1630564
1631501
1630005
1627335
1628439
1628382
1631676
1630104
1629648
1629378
1629152
1630965
1634474
1630984
1631348
1629568
1632582
1632208
1632653
1631536
1635588
1634450
1631160
1633341
1631904
1633421
1634713
1633636
1631597
1632293
1633941
1670867
