2192741
2197048
2196121
2199445
2193893
2198560
2198785
2196439
2198298
2199517
2197001
2197267
2195992
2197461
2197873
2200176
2197358
2199448
2196813
2195489
2196854
2197777
2196987
2200638
2196570
2198244
2198997
2196258
2198427
2195337
2197632
2200951
2197813
2200216
2196933
2200143
2199679
2197306
2196434
2201224
2199032
2200437
2200339
2199636
2199032
2199302
2199917
2198520
2201145
2197690
2199461
2199240
2202375
2201014
2201026
2197690
2202621
2198419
2201079
2200453
2198552
2199109
2199579
2198768
2200617
2202005
2205407
2200339
2198425
2200617
2200213
2198841
2200229
2201274
2203293
2203335
2199496
2198937
2201861
2200772
2203946
2201687
2201845
2200660
2201628
2201485
2203587
2202076
2201331
2198910
2202067
2200271
2204247
2201467
2204694
2203825
2202391
2202347
2200467
2199107
2200728
2200834
2203168
2199363
2203402
2202060
2201194
2201815
2200066
2202773
2201436
2202331
2202933
2202277
2204293
2200005
2201391
2201053
2201149
2204437
2202655
2202600
2198650
2203511
2200651
2201389
2202988
2206014
2200273
2202435
2201201
2199522
2200389
2201126
2200306
2197003
2196235
2200631
2198232
2195919
2190664
2189578
2186513
2180874
2168996
2153213
2134260
2112726
2104436
2115006
2139657
2156749
2170759
2180452
2189375
2193000
2192871
2197263
2200158
2197333
2196815
2201237
2199786
2201377
2202600
2201779
2200711
2203136
2198073
2204124
2202130
2204005
2202878
2201276
2203974
2199233
2200688
2203197
2202766
2201006
2201429
2199705
2200205
2199282
2195619
2196433
2191557
2187622
2183086
2172245
2159726
2139545
2112299
2093559
2096702
2121950
2144477
2166392
2176480
2185680
2189326
2196022
2196347
2196491
2199716
2200655
2202702
2201906
2200035
2204684
2204662
2203223
2204195
2205315
2206868
2204753
2205344
2208110
2206472
2204881
2206395
2208189
2205161
2206276
2205974
2204358
2205079
2203742
2204842
2202033
2204169
2202869
2201351
2201880
2196734
2194072
2186089
2176428
2169698
2166964
2176905
2188097
2192646
2199556
2203016
2201259
2203724
2204123
2202613
2206549
2206626
2209298
2207951
2203380
2210962
2204800
2207057
2207947
2205265
2207002
2208093
2206206
2205312
2207987
2204088
2200106
2203977
2201901
2198522
2194499
2186866
2176613
2165766
2168466
2175877
2188908
2193848
2200324
2201131
2207058
2204589
2206861
2204036
2208820
2209240
2209899
2205838
2206309
2209672
2209571
2208755
2207841
2207850
2206235
2205280
2206173
2207646
2207517
2203226
2207633
2203878
2204764
2204483
2204440
2205468
2202723
2199471
2200850
2200549
2196725
2193800
2191480
2186745
2179551
2163785
2146046
2117476
2098399
2093787
2119243
2146913
2167415
2179844
2189149
2194572
2198630
2199301
2204393
2200902
2203808
2204890
2204892
2206007
2205778
2206126
2208361
2207555
2211021
2206848
2205813
2205784
2207464
2205318
2208227
2206038
2207345
2205768
2205875
2206040
2206945
2206181
2204462
2202115
2204600
2197888
2197438
2192999
2191838
2183427
2172908
2152433
2132585
2109406
2106782
2124421
2146656
2168715
2179960
2190646
2192092
2197369
2199756
2203392
2205034
2203865
2205292
2206458
2205803
2206012
2206319
2208249
2209350
2206944
2207139
2210696
2208243
2206453
2209509
2206683
2206592
2210902
2206693
2207327
2210022
2209943
2208656
2208584
2206391
2209745
2209097
2208030
2209506
2211464
2205547
2209689
2208294
2208817
2210519
2209828
2210194
2207448
2206574
2210247
2208335
2211898
2208788
2206881
2209508
2207622
2209298
2209689
2209133
2206069
2206853
2209263
2210073
2209080
2209221
2208874
2209234
2209423
2209774
2208250
2205948
2208605
2209744
2204131
2209148
2211588
2206617
2210092
2208108
2208628
2209092
2208157
2207280
2210481
2207820
2205026
2208002
2204553
2209640
2206233
2208308
2207577
2209307
2205461
2202384
2207152
2207762
2205461
2207582
2208016
2208157
2207844
2205178
2207077
2207309
2208339
2205993
2206368
2208279
2206155
2206262
2203566
2205800
2206706
2205411
2205463
2205185
2207919
2207242
2203018
2203853
2203732
2206634
2206918
2204619
2205891
2202373
2203489
2205544
2204440
2207843
2206885
2202753
2207628
2205198
2204196
2207406
2205535
2204268
2204469
2203088
2204310
2204431
2203090
2202691
2204293
2205537
2198791
2197085
2195626
2195190
2195143
2194501
2195015
2197110
2195190
2195943
2192415
2194889
2194820
2193360
2193521
2193201
2194973
2193232
2193740
2194561
2193127
2193977
2193424
2191054
2195366
2195005
2193188
2194473
2194568
2193886
2195369
2191698
2190292
2196219
2194137
2191556
2192892
2193693
2191496
2192107
2195111
2196189
2193365
2193540
2192171
2192087
2194702
2192974
2191931
2193087
2194812
2192971
2194966
2192833
2192345
2193614
2193494
2191936
2190138
2193091
2194528
2193239
2194668
2191397
2193838
2191598
2190673
2192482
2191014
2188979
2191553
2189647
2193679
2191950
2188900
2192379
2192268
2189767
2192065
2189788
2191483
2191363
2191842
2191829
2194248
2190902
2190918
2191953
2191054
2189803
2194452
2190040
2190683
2190054
2190218
2193097
2189972
2190409
2191211
2188774
2191401
2190080
2188539
2192001
2190747
2188659
2191094
2188694
2190712
2190131
2189568
2189348
2190763
2187227
2188900
2190510
2189335
2188908
2187678
2186231
2188369
2188744
2190447
2186867
2189155
2183882
2186447
2186412
2185305
2186822
2186010
2184876
2181677
2184641
2180350
2179696
2173775
2173166
2167809
2160020
2142264
2121293
2095147
2083083
2091607
2114783
2136983
2152740
2161690
2165581
2172258
2175121
2175700
2175225
2176025
2181125
2179395
2183296
2182781
2182999
2184591
2184439
2183898
2183518
2183442
2182199
2181353
2184382
2182298
2180086
2185039
2184326
2183326
2183185
2178021
2183287
2179630
2179884
2177576
2177219
2174311
2172384
2172966
2167046
2161827
2146622
2131084
2106217
2080970
2065255
2078970
2104665
2130640
2147025
2157144
2160497
2167810
2169925
2173167
2173839
2173143
2178654
2176140
2179076
2179878
2180723
2179370
2178825
2181305
2180479
2181904
2179263
2182917
2181960
2180336
2178383
2180713
2180608
2177156
2182359
2181171
2182644
2180790
2181717
2183762
2180668
2179034
2175623
2176875
2175405
2172825
2170448
2163263
2155175
2145605
2140819
2147992
2155867
2163998
2167528
2176208
2174291
2175405
2176166
2176791
2178973
2177723
2176977
2180960
2179923
2177079
2180808
2181869
2180436
2179494
2177643
2175832
2176733
2178456
2178081
2177921
2178625
2173366
2175323
2171976
2169106
2164783
2156387
2147644
2139067
2142400
2152007
2159903
2165973
2170050
2173433
2175625
2174634
2174199
2173108
2175867
2175781
2177956
2176345
2176307
2177137
2180301
2179387
2178135
2178739
2176939
2174917
2175346
2179523
2178127
2174041
2177501
2172885
2175722
2176936
2176116
2174589
2175940
2173972
2172826
2173056
2170044
2168257
2166268
2162453
2155211
2146111
2126777
2106462
2079390
2065505
2072316
2099794
2122685
2140856
2152633
2159205
2161820
2165445
2165715
2169451
2171343
2174656
2173359
2174151
2174917
2172730
2175528
2175189
2176419
2174953
2174081
2174542
2175047
2173955
2174484
2174759
2172563
2175734
2173336
2175169
2173334
2174163
2174306
2171165
2172747
2172071
2168627
2168980
2165249
2164547
2157169
2148139
2134265
2111836
2090647
2073482
2082967
2105746
2130014
2143764
2153768
2161553
2163376
2168637
2170407
2170490
2170779
2174782
2175604
2173414
2174441
2177565
2174669
2177308
2177479
2175801
2176209
2178681
2177456
2176002
2176855
2178658
2179628
2180645
2176854
2177840
2179420
2179320
2178904
2179196
2178433
2179694
2179042
2177722
2178334
2177783
2179087
2180118
2177534
2177546
2178858
2179054
2179918
2177825
2180160
2179954
2180585
2179894
2177904
2180678
2179613
2178974
2182020
2180194
2178414
2180502
2179558
2179316
2181670
2182408
2180164
2179778
2176439
2179444
2180971
2179449
2181781
2181373
2177995
2179928
2181627
2180488
2180948
2181666
2180213
2180791
2178450
2179176
2180063
2181641
2182756
2178502
2180268
2182720
2178696
2180668
2181197
2184957
2182992
2180352
2181437
2180399
2183223
2181658
2181772
2181108
2181008
2181708
2183079
2181545
2184154
2182205
2183814
2181196
2182239
2183262
2183242
2183243
2185859
2185607
2183549
2184472
2184064
2179955
2183891
2184436
2182564
2182476
2183927
2185565
2182767
2184219
2182104
2183421
2185508
2185227
2183774
2184583
2185411
2184314
2185000
2185054
2184661
2181903
2184517
2184554
2189665
2184484
2186920
2185424
2183732
2188597
2187112
2187739
2185473
2184853
2185366
2195102
