72322
72272
71429
71979
72060
71870
72297
72192
72205
72143
71984
71707
71945
71789
71484
72379
71593
72054
72191
71910
72107
72714
72178
71854
72199
72077
71655
71987
71691
72145
72080
71988
72490
71964
72478
72044
72405
71727
72259
72230
72074
71648
72111
71751
71613
71647
71557
72118
71831
71857
71878
72275
72196
72089
71855
71925
72189
72351
72048
71935
71714
71927
71385
72310
71748
71692
72243
72260
71905
72315
72179
71542
72318
72093
71621
71992
72132
71680
71902
72339
71491
71603
71707
71270
72357
72478
71842
72105
72440
72515
71809
72022
71656
71681
72312
71943
72092
72054
72035
71650
71826
71966
71973
71782
72214
72720
72181
71709
72045
71957
72111
71844
72142
71635
71920
71910
72054
71648
71836
71928
72347
71860
71832
71602
71959
71793
72430
71935
71994
72406
71978
71968
72490
72204
71974
71742
72151
72157
72058
72348
71941
72248
71976
72140
72137
72283
72364
71865
72515
72275
71845
72248
71956
71974
71585
72521
71853
71799
72133
71753
71842
72055
71737
71835
72197
71645
71845
71535
72122
71935
71829
71995
72258
71582
71881
71451
72072
72201
72103
71900
71591
72296
72515
71976
71623
71681
71873
72030
71855
71739
72128
71370
71718
71869
72112
71864
71437
71790
71817
71944
72081
71922
71368
72170
71802
71392
71840
71326
71667
71850
71508
71233
71323
71650
72237
71494
71820
71418
71305
71994
70806
71387
71607
71732
71501
71365
70688
71046
71482
71172
70781
71111
70527
70193
70820
70868
70791
70629
70491
70245
70251
70006
70433
69663
69797
69787
69541
69173
68631
68792
68238
67691
67996
67775
67221
66716
65650
65380
64290
64047
63435
62997
62274
61419
61284
60911
59984
60032
59944
60232
60511
60859
61153
62190
62451
63056
63996
64308
64965
65642
66333
66563
67664
68019
67872
68477
68356
68436
69079
69299
69952
69599
70288
69692
70451
70325
70339
70410
70499
70457
70744
70887
70700
70536
70886
71081
71002
71406
71618
71589
71535
71087
71238
71298
71348
71425
71544
71714
71773
71221
71717
71473
71839
71920
71705
71865
71928
71743
71698
71389
71887
71963
71790
72093
71770
72003
72125
71935
72416
71659
72573
71966
72071
71919
71470
72174
71941
72445
71764
71477
71903
72497
72654
72118
72076
71954
72138
72028
71916
72179
72143
72196
71859
72212
71949
72021
71890
72043
71602
72428
72578
72793
71802
72081
71804
72185
72523
72129
72390
72091
72120
72367
71979
72127
72834
72422
71573
72010
72357
72137
72200
71900
72168
72003
72142
72173
72402
72343
72208
71857
72015
72415
72534
72427
71967
72412
72148
72315
72446
72180
71883
72344
71902
72329
72357
72366
72359
72022
72310
72089
72236
72129
72180
71999
72075
72387
72589
72452
72376
72379
72264
72063
72428
72342
72519
71881
72304
72402
72215
72438
72353
72296
71920
72367
72045
72276
72688
72154
72547
72126
72050
72176
72162
71924
72273
72513
71971
72135
71446
71991
72028
72362
72310
72393
72101
71824
72365
71996
72042
72062
72063
72080
72713
72339
72136
72138
72565
72005
72742
72350
72748
71766
71830
72093
72687
72206
72244
72514
72108
72567
72431
72246
72117
72057
72365
72120
72361
72131
72601
72197
72052
72312
72024
72551
73048
72242
72683
71980
72379
72319
72205
72077
72109
72282
72511
71874
71799
71947
72571
71723
72089
72743
72063
72039
72454
72495
72146
71883
71887
72137
72208
72476
72325
71795
72262
72515
72160
71951
71970
71977
72393
71751
72428
72384
71769
72105
71982
72078
71729
72005
71972
72638
72265
72195
71955
72303
71878
72057
71940
72385
71902
71907
72388
72339
71901
72186
72713
71929
71928
72254
72387
71822
72286
72306
72231
72242
72160
72453
72121
72083
72223
71867
71866
72365
72000
72138
71481
72038
71873
71638
72655
72214
71963
72100
71874
72327
72033
72386
72047
72126
71899
72506
72004
71895
71683
71758
71783
72391
71950
71986
72197
72388
72203
72036
71572
71933
72367
71838
71673
72009
71851
71887
72102
72069
71756
72402
72120
71938
71758
72230
71895
71945
71429
71798
71816
72018
72223
72023
72118
71919
72315
72187
71926
71703
72733
71654
71842
72179
72285
71434
71626
71974
71947
71832
71431
71708
72083
72080
71957
71558
71737
71670
72199
71984
72039
72004
71788
71806
71624
71869
71587
72152
72000
71682
72126
71777
72338
71917
71608
71885
71984
71813
71782
71840
71638
71409
71639
71699
71893
71981
71752
71900
71919
71237
71664
71031
71964
71849
71367
71815
71749
71563
71339
71819
71439
70950
71096
71182
71069
70803
70920
71524
71413
71022
71021
70634
71083
70779
70662
70769
70906
70324
70557
70563
69968
70248
69535
69759
69606
69376
68936
68938
68754
68556
68305
67614
67415
67119
66941
65757
65406
65263
64424
63663
63340
62991
61980
61446
60993
60410
59805
59831
59851
60228
59989
60685
60794
61471
62210
62662
63233
64549
65224
65448
65733
66175
66500
67342
67541
67982
68438
68288
68927
68848
69317
69576
69535
69780
69744
69943
69942
70025
70465
70462
70380
70183
70760
70909
70619
70556
70718
71359
70161
71087
71233
70893
70625
70990
71419
71421
71475
70744
71503
71358
71242
70939
71519
71000
71274
71368
71704
71449
71589
71700
71394
71348
71559
71959
71205
71517
71859
72024
71400
71710
71572
71459
71570
71728
71421
71560
71614
71432
71851
71803
71917
72041
71744
72229
71747
71945
72018
72040
72098
71977
71999
71172
71936
71770
71808
71635
71583
72121
71644
71449
72003
72064
71871
71150
71988
72294
72092
71878
71892
71652
71564
72220
71819
72087
71298
71715
71992
71839
72166
71913
71762
72058
72495
72289
71794
71593
72255
72093
72051
71672
72370
72198
72504
72096
71701
72533
71820
71512
72058
71609
71818
72184
72087
71873
72169
72042
72081
72141
72091
71929
71426
71800
71690
72161
71663
71653
71757
71884
71705
72132
71966
72123
72046
72035
71808
72044
71779
71695
71768
71533
71868
71503
72034
72076
72067
71691
71922
71968
71587
72385
72145
71931
72095
71830
71356
71779
72294
71863
71837
72078
72268
72040
71992
72115
71785
72043
71857
72034
71951
72314
71643
71993
71834
71718
71895
71854
72435
71391
71995
71461
72051
71912
71846
72077
72070
71829
72470
72122
71779
72358
72032
72104
71527
71929
71946
71651
71277
71990
71872
72122
72097
72365
71873
71761
72187
72095
71662
71504
72020
72141
71894
72258
71375
71930
71927
72295
72404
72139
72272
71857
72262
71974
71948
71610
72050
71966
71781
72136
72206
72201
72203
72160
71425
72303
72048
71841
72083
72088
71771
72165
