464437
465382
464133
465534
465068
465473
467084
465606
464921
465356
465081
466313
465491
465761
466144
465922
464667
464725
464607
466317
466303
465594
466154
465636
465953
466974
463128
466032
464897
464759
465312
465642
465258
465750
466186
465679
465194
465720
467075
465026
466065
466134
465919
465130
466702
465168
466191
465556
465084
466764
465637
466215
466201
465380
465844
465571
466038
465625
466190
465415
466398
465695
466838
466282
465307
466381
466402
466806
465185
466302
466958
467359
465298
466861
466541
465754
465875
465525
466468
466024
466012
467246
466287
466766
467224
466807
466220
466014
466327
466836
466119
466798
466399
466563
466746
466135
466153
467205
466001
468020
467339
467261
466809
467207
465830
467419
466322
467676
467267
466646
467473
467713
465027
467845
467172
467083
465953
467063
466425
465658
466558
467247
466382
466613
466910
467066
466640
466602
467017
466049
466556
467872
466341
466257
466484
465775
466969
466745
466541
467554
467476
466890
466168
467935
465763
466990
467069
466352
466609
467630
466315
468005
465075
466616
465138
467806
466607
466495
467184
466785
467206
466745
466077
465929
467161
465819
467174
466171
465772
466380
465482
467164
465424
466633
464797
464208
464374
463695
461352
460535
456455
451405
440732
427423
414190
417982
430840
443940
451802
456464
458851
461817
463084
463545
464578
465916
465544
465045
466302
466625
465714
467155
465684
466499
465962
465735
465116
465813
464654
464178
462982
459952
456015
445975
437998
443138
453854
460637
462684
463724
464935
465101
466285
466415
466500
466843
466819
467477
467856
466862
467355
467242
465958
465444
465997
466020
466319
466036
466328
464485
462438
459849
453506
444129
440308
448721
456393
462260
464706
463692
465169
465736
467322
466468
467031
466714
465695
465807
465474
465986
464710
465255
461805
459951
452366
444210
441769
448648
456036
462399
464654
463543
465513
465730
466827
467056
466222
467446
467322
466988
466757
467154
466914
466685
467534
465531
466972
466557
466090
466382
465058
464514
461238
458253
449387
440471
443446
451957
460557
462719
464526
466128
465642
467270
467372
466690
468130
466935
466928
466784
467393
466758
467923
466881
465325
465749
465798
465763
463844
462898
461974
457863
452046
441156
424400
418507
426136
439388
451107
456481
460911
464061
463288
465991
466145
465740
466082
466479
468485
467445
466986
468935
467967
467811
469669
469678
468257
468813
468671
468769
469667
468140
468630
469875
467930
467963
468701
469416
468474
468764
469569
469027
468695
469992
469324
469546
469356
469057
469782
469640
468542
469191
469076
470613
467946
470109
469058
468839
469866
469017
469616
471231
469073
469388
468806
468989
471795
469124
469461
470820
469419
470114
469221
469917
468664
469259
469040
468874
471244
469726
468163
468879
468739
470156
470137
470527
468567
469050
469749
469465
470176
469959
469969
470118
469841
468440
469463
470162
469503
470117
468548
470625
468883
470682
468097
470978
470103
470409
468922
469783
469783
470553
468913
469275
470031
469398
470430
469067
469862
470014
470815
469664
470241
469943
470024
470696
469322
469525
470214
469040
470527
469505
470763
469175
469078
470476
470150
470566
468733
469663
470527
471204
469891
471195
470737
469325
469627
470978
470804
469852
469597
468988
470349
468739
469717
469587
469226
469911
469454
470462
469675
470041
470157
470646
468438
469889
468553
470045
469729
470172
471213
470039
469346
469697
468794
469953
468678
470362
468926
469945
469327
470472
468748
468657
469437
471004
470747
469849
469790
470775
468656
465299
468565
468370
467928
467593
467390
469113
469680
468947
467113
467527
467917
467269
468433
468164
469522
467631
469093
468259
468247
468069
468331
467583
468676
467210
468315
468383
468507
467927
468136
467594
467980
467915
467859
467477
468776
468947
468856
468544
467272
468155
467809
468126
467536
467815
469376
467566
468897
467421
467174
467880
468509
468332
467845
467513
468136
468923
467509
468167
466926
468538
468784
468125
468576
467944
467181
467512
468062
468507
468057
468391
468790
467641
467214
469066
468905
468578
468591
467505
468666
467382
467382
468093
467332
466984
467191
465872
467391
468707
468409
467830
467330
467524
467028
468033
467976
467469
467784
467398
467664
467437
468544
467059
467129
466871
465512
468023
467444
467186
466314
467180
468888
466963
468193
467084
467798
468098
468753
466448
467673
466877
467722
467283
466011
467198
467307
466107
466302
466272
466219
467245
466919
468087
467338
467193
468371
467077
466587
466212
467990
466610
466514
465359
466265
467014
466321
466324
467379
467065
466562
466083
466458
467221
465752
467376
466895
468058
465777
466640
466826
466751
465386
466010
465217
465137
465824
465413
464473
464341
465678
464550
463458
463336
462451
459471
458224
454486
447780
438066
422561
411568
421974
437262
448501
454216
458011
459443
460838
461405
461996
464180
464633
463742
464647
464386
463551
465130
464538
463886
465021
465115
465425
464478
464689
463300
463101
460214
460240
454072
446705
436041
439675
448952
455947
460529
461289
463847
463556
463758
465052
464737
464296
463500
464484
463741
464036
464962
464673
464668
464248
464193
464321
464106
463431
462206
461528
461979
459323
456057
448314
438026
437774
447422
454600
459297
460414
460909
462908
463544
462588
463887
463441
463395
462951
462447
463415
461804
463839
460217
460717
458378
455218
446568
436754
439816
450580
457001
459534
461225
461487
461581
463150
462956
463716
463846
463576
462890
462340
463927
463891
463788
463947
462504
463533
463401
463588
463237
461841
461909
460876
459396
455640
448230
436515
435336
445681
453774
458547
460906
460941
463283
462761
463205
463508
463692
463110
463697
463988
463601
462862
462924
461338
462767
462462
461992
461268
460951
460053
457942
456752
452308
445783
433482
417283
411406
423349
439384
448919
454666
457255
458108
459739
461246
461297
461124
462395
463510
462554
462785
463724
461680
463264
462662
463680
464078
463443
462937
463612
463242
463881
463418
464740
463044
463446
462837
463841
463542
464182
463950
463497
463653
464465
464044
463507
463937
463918
464586
464300
463968
464074
463018
463591
463855
463978
465267
463491
463378
463391
463384
464311
463943
463368
463534
463795
463750
463912
463841
462071
464157
463781
463103
462678
464007
462957
463728
463624
464097
463038
463906
463793
464006
464004
462805
462897
463435
463361
461814
465006
463564
463154
464258
462250
463514
463997
464327
463912
462911
463760
464036
463984
463198
463759
463108
462805
463670
463837
463421
463714
462689
462797
462572
462927
464805
463474
463903
464641
463802
463272
462381
462748
463049
462017
464039
462539
463400
463492
463184
463179
463003
463313
463278
463655
461745
464132
462463
462706
463156
463623
462129
464390
462726
463368
462464
462533
464609
464094
463773
461987
462591
463044
463005
462239
462554
463471
462964
463411
463051
463218
464070
462305
461705
462965
463657
463757
463610
463707
463180
463699
463095
463911
463227
463953
462959
463454
462188
463032
462577
463349
462791
464680
463164
462524
463506
462470
463111
462332
463147
463396
464233
463106
462578
461720
468223
