434282
435793
434428
436231
435912
433510
434267
434633
433887
435306
432705
434083
433940
433979
434645
435351
434798
435262
435457
436456
436308
435936
437184
437107
436605
436465
437641
438193
436927
437922
438051
437535
438213
438820
438492
438602
439334
438864
438618
438358
438839
438482
439264
439466
440272
439509
440863
439266
440151
440322
440558
439395
440044
439703
440273
440528
440281
440319
438657
442029
440965
441370
440859
440596
441197
442510
440083
442123
440850
442534
441520
441279
440161
440225
441363
441361
441739
442707
442105
441319
443626
441726
440911
440265
441799
440159
440610
442214
442472
442434
441160
442130
443038
442421
441999
442083
440234
440829
441432
441499
442503
441961
442569
442652
441822
442188
441210
441766
443513
441950
441551
441433
442084
441088
442212
443238
441628
441656
441871
441456
442996
443633
442577
442282
442697
442596
440671
440782
441471
441029
440832
441489
440683
442533
441401
440598
441510
440000
438549
438898
436302
436207
433649
431961
427656
423638
416471
408425
401196
393956
398359
403249
413987
422584
428121
431886
434959
435794
437542
437916
438804
439049
440727
441975
441510
441231
442387
442154
442660
440702
441553
442710
443322
442790
442187
443203
443134
444040
442680
441776
442236
442906
441921
443583
441997
440435
440787
440472
438962
438395
436768
431549
425315
419552
416421
416814
422388
428756
432801
436813
438436
440247
440172
442692
442156
442875
442063
442896
443259
443158
444095
442113
442789
442979
443291
443515
442923
444064
443690
442994
442475
443636
444043
442307
441530
442952
442673
441535
441842
441098
440942
439937
439784
440409
438356
436178
432901
426886
422000
416217
416436
420995
427976
432176
435094
437613
439749
439746
440683
440405
440945
441866
442802
441559
440268
442346
441634
440819
440673
441297
440969
439950
439973
439633
440040
439517
439225
437385
436686
434426
430564
426148
418516
413706
415528
421249
428237
430981
436390
437665
438658
439479
439798
440131
440910
440783
440613
440247
441239
441350
441109
442529
441339
439242
440489
440652
440471
440975
440276
440314
440260
440792
439531
439982
440557
439504
439416
438423
437814
438330
437068
437137
437039
433965
433189
430225
425509
418541
412598
412956
417978
424877
429156
433728
434415
435627
436199
436493
437337
436536
438683
438315
438756
438455
438309
438004
437969
438270
437944
438274
437899
436637
437848
437461
436564
438348
437202
437200
435923
434923
436248
435031
432688
434061
432237
431168
428978
427103
425104
419755
414481
405991
396202
389297
387560
394175
401243
411100
417787
421940
426751
428055
429794
431345
432306
432753
433635
433326
434674
435435
433609
434251
435464
435062
435120
435085
435585
435121
435892
434567
433629
436057
435252
434128
435844
434256
435565
436932
433816
434740
434419
434565
435677
435578
434989
434929
434485
435051
434700
434229
433589
433155
433608
435074
434820
433545
434869
434940
433815
434665
433356
434766
432385
433117
434535
432672
432390
433511
433584
433378
434127
433391
432912
433615
433245
431591
432579
431925
434073
432527
432398
433086
433985
431982
433855
431997
431451
432759
433535
433247
431786
431232
431675
431251
431375
430648
430538
430308
431404
431096
431542
431287
431271
431228
430769
430752
431884
429832
429886
431182
430814
430786
431503
430844
432174
429691
429762
430548
428785
429720
430391
429843
430724
429556
429655
429970
430712
429214
428515
430808
428889
429665
430217
429038
429397
428883
428425
429531
428626
429728
429124
427879
428542
428853
428321
427910
427960
429145
428369
429011
428249
434825
428254
428971
428685
428273
426920
427089
428241
428820
427241
427830
428855
427559
427087
428616
428131
428910
429055
427372
427912
427838
429229
427142
427438
426847
428086
426438
426656
428065
427954
427050
428801
427241
427372
426990
427292
427621
427089
428434
426858
426181
426457
427051
427360
426897
426125
427286
428476
427513
427032
426806
426593
427585
427742
426285
427346
426541
427088
426961
426729
426663
427083
426368
426613
425579
427009
426120
427299
426897
426920
427319
426818
425620
425960
426532
426511
426531
426587
426015
425904
427032
425609
426487
426294
427011
426770
425661
425786
426085
424824
425953
425953
426221
426241
425612
425474
425777
425215
425689
426857
425827
426745
425567
425342
424759
424624
425341
425503
424459
425327
425042
424571
424463
425116
425469
425915
424506
426298
425545
424392
424253
424977
422448
423518
424514
422994
422122
423617
422870
422939
421880
421712
420481
420532
418171
418572
416359
413045
410706
404321
397045
389492
379728
373252
376264
383679
391638
401243
407177
411556
414227
417329
417281
418253
419748
420794
419926
421501
422856
421481
423207
423104
422683
422808
422654
423133
422800
423700
423220
422423
422881
423048
423671
423641
423866
422892
422773
421794
422418
422235
421891
420403
421570
419860
417913
415249
410466
405203
399584
395343
397885
404109
410640
414249
417714
420147
419748
420309
421292
422269
423572
423484
423806
422444
423280
422746
423544
423354
423682
423185
422989
423885
423782
425210
424025
423735
423796
422380
423215
424038
423362
422745
422815
421988
423088
423197
422563
422295
420001
418698
416096
415481
409954
404678
397041
394559
397598
405197
410750
414772
417301
419185
419871
420329
420749
421651
422018
423958
422880
422909
423691
422087
423007
422605
422634
422746
421210
423098
421656
422937
421821
420776
420594
420975
417698
415773
412100
406503
400355
395437
396945
402521
409343
413554
417165
417973
419822
420129
422105
421034
420747
422570
423088
423230
421916
423520
423683
423707
422658
422641
423390
423121
423717
423280
423319
424243
424334
422862
423198
422235
423519
423383
423593
423248
422267
422009
422644
421112
420564
419185
417538
415147
410602
405967
397875
394932
397970
405156
411694
415153
418036
419868
420295
421393
420855
422963
422381
423125
423219
422580
423415
424019
422411
423640
423454
423465
423338
424276
422220
423869
424437
422035
423706
422673
423215
422581
422361
422415
421078
420781
420480
420073
418515
416289
415747
413374
408333
404135
396419
386429
377244
374415
378235
389134
397505
404748
410518
411673
414828
418237
419442
419501
421545
420240
422493
422554
423401
424199
424102
424452
424722
424438
425145
425851
424907
424734
425741
424715
425443
424691
425751
425903
425900
425919
426372
424776
425838
424949
426242
425506
425649
426834
426533
426015
427375
425401
427075
426800
427201
427709
427669
427057
427389
426675
428091
426751
427413
428931
427850
426755
428111
427751
429288
427528
428303
429091
427415
427597
428943
428493
428361
428938
429829
428941
430227
428767
428402
428609
428124
428842
430083
429387
429371
429288
427802
430032
430521
430357
430763
430845
430640
430517
429356
430283
430553
431052
431167
432308
431864
431366
431699
432198
431739
431704
431400
433153
431457
433608
432588
431493
433145
433630
433373
433777
433098
432943
434115
434050
435199
433559
434798
434677
434704
433848
433403
434611
434301
434515
435138
435349
436097
434149
435518
435162
436246
435655
436053
436864
437086
436102
436726
436135
436780
436527
437748
436444
437270
437698
436927
437987
438023
439335
428032
