271210
271655
271341
272102
270791
270186
271855
271512
271525
271320
271970
271618
272012
271336
271421
270941
270928
271969
271634
272124
271057
272490
272153
271917
272391
272238
272032
272501
272145
271522
271135
271229
271044
272212
271742
271269
270514
271247
273113
272826
271465
270945
271610
271544
271933
271686
271846
271029
271083
270728
271333
272581
272239
271443
271930
271874
272180
272121
272139
272520
271802
271709
271279
272091
273496
271194
271493
272320
272379
271784
271558
271914
272296
271476
270997
271932
272928
271311
270585
272096
272749
271724
272718
271298
271750
271707
272945
272619
271680
271801
272043
272215
272762
271715
272288
272403
272483
272722
272688
272451
272350
272899
272314
271990
272031
272532
271562
271526
271486
272046
271148
271190
272246
271736
271848
272342
272313
271741
271313
272066
272509
271619
272243
271743
272407
271858
272384
271874
272797
271389
272023
272060
271511
271603
271999
271765
270402
270361
270030
269869
269251
268791
267197
266633
265035
262212
257410
253471
250989
252167
255632
261081
264400
267719
269143
268567
270467
270923
271659
269905
271202
270995
270879
271771
272584
271238
272195
272109
273062
271711
272462
271802
270948
272919
271793
271121
272039
271898
272201
272310
271391
271294
272060
271922
271529
270774
270613
269815
269022
268204
266115
262455
258956
255489
257944
260531
264034
266886
268382
269939
271280
270231
271545
271966
270044
271688
271876
273010
272899
273035
273477
272368
272516
272160
272916
272252
273110
272575
272528
271183
271833
272024
272404
272061
272846
272874
272033
272401
271505
271846
271398
271887
272209
271155
270607
269788
267424
265429
262941
263653
266079
268326
270117
270705
271515
271449
271070
271864
271370
272262
273650
273255
272250
272754
273088
272574
272024
273806
272916
272167
272128
271557
272590
273203
271640
271729
271222
270767
271291
269438
267485
266070
264223
264279
265707
267862
269632
271441
270924
270550
272535
273470
272758
272507
273243
272334
272156
272139
272686
272079
271806
272717
272876
272288
272554
272137
272689
272740
272077
273786
272409
272859
271713
272677
273025
273656
271432
272323
270719
271096
271192
270385
269471
268433
266600
263988
260836
255846
256933
258919
262892
267329
268633
270157
271520
271750
271877
272134
271442
272016
272224
271845
272968
272155
272525
273347
272680
272006
272457
273294
273188
273005
273926
271064
274133
273376
272324
272624
272109
272560
272040
272116
271142
272401
271005
271282
269543
268943
267661
264674
262166
256887
251295
250657
254235
259201
262516
266595
267487
269327
269752
271576
270699
271853
271999
272279
271888
272125
271902
273116
272382
272413
273757
273454
273623
272650
271873
272696
272953
272262
273619
273890
273758
273164
272612
273506
272613
273325
273815
273152
273056
273105
273039
272824
273313
273410
274291
272682
272797
274283
273414
273863
273710
273659
273117
274497
272721
273451
273604
272215
273151
272955
272393
273140
273564
273140
273299
272670
273524
273879
272857
273582
272701
272941
273597
273310
273188
272929
273579
274217
273962
273544
273216
273479
273500
273275
272804
273396
273198
272964
272894
272701
272740
273208
273807
273175
272637
272408
272626
273694
272494
273339
273507
273142
273130
273031
273085
272550
274074
272443
272445
273694
272859
274693
273443
272924
273130
272967
272986
273211
273343
273628
272906
272932
272831
272822
273905
272658
273284
273832
273542
272544
272211
273525
272812
273479
272537
272883
273604
272597
273889
272148
273238
273804
274484
274176
272830
273416
272168
273649
272125
271350
271734
272393
271505
272150
271932
272021
271398
271982
272310
271416
271274
271761
270859
271941
271450
271740
271448
271720
272418
270807
271115
272175
271661
272357
271632
271069
270713
270985
271514
272026
272542
271626
270654
270562
271684
271831
271951
271682
271835
270558
271483
271582
271856
271665
272547
271893
270619
271174
271679
271931
272300
271321
272379
271289
270292
270793
272082
271293
270887
270344
271341
272042
271276
271859
270970
271002
272224
271569
270972
271408
271178
270812
271502
271439
271368
271498
271543
270684
270902
270022
271842
271027
270660
271043
272005
271108
271910
270455
271713
271208
271309
271556
272034
271668
271557
270599
272092
271061
270321
271134
271083
271296
270975
271038
270494
271476
270509
270422
271033
270317
271207
271310
270318
269853
270521
270257
270846
270435
271055
270447
271124
270790
270130
271291
269847
270563
269932
270634
269826
269473
269433
269170
269057
269388
268420
267295
266034
263961
262020
255517
251102
249110
251517
254974
259500
263202
264793
266278
267526
267413
268338
268708
268848
268330
269953
270112
269559
269774
269889
268606
270273
270267
269339
270097
269797
269870
270052
269235
270289
270120
268963
270027
269539
270034
269815
269557
270179
268644
269059
268696
269471
267937
267318
264830
262870
258551
254462
253230
254747
257843
263385
265002
266206
266689
267729
268596
268597
268882
269057
269572
269310
269262
269787
269202
269792
269908
269323
270059
269790
270224
269116
269574
269519
269661
270008
269333
270235
269867
269768
269676
268716
269158
270210
269474
269694
268728
269056
268667
268420
266641
265742
263957
261608
259636
261952
264019
266214
266535
267687
268808
267928
268884
269523
269107
269349
269756
269513
269354
269349
268809
270026
269262
270214
269934
268516
269385
269327
269442
269030
269634
268998
267556
268424
267690
265925
264574
261997
260021
260702
263239
264983
267022
267303
267722
268834
269595
268730
268926
268999
267814
269553
268797
268950
269843
267990
268573
269142
269196
269275
269761
268608
269011
269293
268573
269374
268894
269896
269221
268636
269598
268913
268952
269111
268096
267813
267641
267792
267568
266892
264177
262471
259546
255121
251771
253857
257733
261552
264724
265762
267705
267472
267214
267417
268163
267894
268818
269324
269552
268806
268632
268645
268537
268772
268369
270043
268772
269128
268542
269270
269606
269081
268453
268444
268526
269557
268409
268636
267109
268032
268494
268110
266912
267040
265653
263859
262162
258884
254424
250042
247451
248733
253555
258470
262508
263840
264513
266504
266458
268224
267399
268628
267909
268755
268623
268172
269047
268776
269037
267901
269260
270089
268850
269194
268797
269360
270078
269235
268956
268333
269193
269589
269883
269178
268357
269184
269809
268873
270093
269814
268782
269500
267800
269066
270608
270475
269874
269141
268975
270019
268498
270539
270780
269832
269525
270348
269727
269261
269130
269041
270414
270597
269627
267940
270265
269687
269350
270270
269465
269084
270091
270550
269714
270091
269565
270481
269513
269219
269453
268957
269737
268985
270621
270128
269546
269576
270224
270518
270118
269368
269840
269177
270004
269012
270108
270624
269686
269863
269765
269924
269311
270680
270010
270479
269938
269763
271562
269757
269974
269823
269866
269622
269959
269698
269252
270760
271005
269686
270318
269721
269301
270218
269888
269547
269524
269465
270095
269620
270016
269878
269911
269098
269597
269589
270661
270309
270165
270254
270702
270307
270540
270682
270040
270035
269999
270252
269868
269891
269703
270328
270035
269755
271884
