145721
146454
146354
146508
146786
145774
146034
146255
145837
147208
146506
146517
145699
146004
146282
146079
146020
145726
146515
146980
147038
146515
146475
146864
145617
146812
146805
146512
145746
146415
146039
146145
146916
146471
146412
146749
146471
145781
146417
147001
146111
145946
147178
146573
145782
146755
146739
146839
146376
145947
145891
146886
146317
146181
146338
146201
146804
146304
147088
146708
146643
146788
146071
146731
146638
146361
146867
147214
146743
146349
146690
146113
146602
146124
145992
146136
146570
146489
146756
146553
146635
147149
146548
146563
146974
146675
146285
145568
146644
146077
146389
146644
146651
146845
146861
146340
146218
146479
147469
146065
147195
146562
146423
146180
146880
146383
146896
146754
145994
146381
146411
146783
146243
146618
145860
146803
146550
146168
146266
146301
145930
145824
146864
146215
146605
146496
146246
146384
145938
146358
146556
145559
146186
145940
145622
146025
145470
145659
144931
144132
143843
142637
141895
140625
138289
134498
130133
125165
124065
127049
131115
136248
138545
140798
141823
142104
142905
143197
144211
144882
145464
144945
145777
146393
145473
146217
146184
145638
145774
146460
146534
145474
145851
146176
146053
146698
146296
146099
146317
145489
145557
146140
145473
145064
144794
144572
144294
143231
142632
141238
138636
135186
131564
127404
128364
132130
136640
139425
141307
142684
144214
144749
145134
145480
145896
146094
145596
146158
145346
146257
145994
145388
146706
145882
146222
145808
146459
146918
145843
146450
146406
146732
146466
146214
147514
146084
146526
146151
146259
146003
145701
145520
144846
145391
143764
141712
140310
137746
136057
136160
137111
140777
142254
143607
144417
145613
145988
145988
145916
145604
145804
146450
145946
146465
146883
146765
146597
145877
146425
146853
146112
145861
146881
146034
145791
145353
145168
144521
144222
142409
141240
138100
135357
135759
137972
141250
143243
144102
144730
145087
145526
145316
145759
146100
146351
146666
146823
146330
147435
146024
146992
146869
146229
146338
146410
146711
146312
146476
146490
146278
147108
146712
146490
146255
146071
145215
145690
145767
145486
144811
144117
143700
142105
140968
139333
136059
133008
128773
127816
130736
135382
138703
141322
142525
143887
144132
145374
145191
145793
145873
146171
146014
145514
145769
146786
146272
145931
146218
146761
146825
146340
145869
146235
146422
146477
146032
146118
146212
145638
146827
146192
145031
144946
144522
142990
143099
142550
141545
140715
137666
134446
129933
125046
124096
125937
131077
135931
139225
141526
143531
143262
144948
145260
145131
145534
146465
145592
146221
146390
146669
146774
145756
146107
146678
146801
146481
146336
146849
146311
146852
146507
146844
146525
146151
146871
146165
147142
146753
146818
146755
146659
146490
146871
146648
146892
146361
147307
146929
147087
146102
147415
146901
147048
147065
146569
147132
147352
147754
147314
146687
147459
147204
146876
147260
146734
146608
146449
146181
146865
146858
146428
147228
147093
147173
146873
146724
147170
145886
146710
146809
146999
146787
146445
147134
146745
146389
146826
146965
147301
146710
147261
146987
146918
146889
146940
146865
147587
147699
146704
147172
147088
147686
147266
147299
146764
145646
146265
146336
147244
146922
147620
146636
147037
147598
146455
145818
146669
147203
147390
147428
146901
146759
147234
146814
146982
147026
146569
146567
146492
146775
146943
147444
147034
146695
147435
146817
146506
147003
146348
146938
146346
146788
146143
147519
146569
146455
147021
147469
147169
146370
146570
146293
146603
145399
146223
146445
146518
146973
146314
145975
146145
145593
145908
145497
145695
145970
146085
146917
146330
146295
146723
145708
146728
145818
146262
145731
146223
146125
145817
146019
145571
146477
146045
145992
146512
145847
145839
146225
145858
145909
146486
145359
146526
146054
146517
146424
146613
146225
146118
145791
146302
145498
145257
146023
145562
146666
145528
146005
146048
145771
145868
146292
146594
146716
146087
145467
145867
146402
145394
145838
145610
146004
146600
146461
146063
146216
145844
145827
145400
145509
145963
146039
146034
146461
146258
145988
146215
144652
145491
145762
145252
145372
145695
145853
146541
146047
145446
145161
146126
146173
146181
145294
145922
145713
145848
146425
145391
145604
145935
145678
145765
145864
145961
145565
144483
145200
145778
145046
146039
145428
145001
145201
145826
146140
146219
144927
144866
145011
145627
145042
144408
143934
143952
143668
143571
143073
142743
141315
139511
137652
133540
129091
124545
122969
124689
129366
133055
137113
139171
140783
141581
141411
142546
142366
143902
143358
144287
145232
144129
144841
144483
144480
144769
145665
145170
144923
144782
144764
145192
145595
145147
144860
145399
144745
145058
144778
144285
144851
144514
144701
143940
143709
143088
141947
140615
138909
136458
131448
128135
125792
128827
132967
136598
138752
141162
141943
141904
143669
143198
143481
143879
144574
144367
145009
145309
144539
145389
145422
144918
144795
144895
145017
144968
145697
145479
145175
145228
145389
145421
144765
144593
145092
145169
144723
145037
144848
143981
145042
143054
143351
143419
141205
140532
137170
135097
134000
135612
138243
141322
142305
143166
143133
143430
143841
144407
145309
144389
144992
144885
144770
144532
144893
144381
144744
145201
144115
144717
144106
144978
144976
144103
144424
144759
142544
142973
142778
140386
138952
136296
133985
134467
137178
140529
140752
142774
143107
144118
143970
143564
144489
145995
144135
144561
144762
144257
144783
145210
144357
144753
144855
145398
144979
144865
145006
144956
145478
144596
144414
144806
145093
144378
144759
143950
143941
144643
143955
143790
142947
142121
141724
139795
138149
136701
133631
129203
125957
126798
130583
134749
138058
140559
141729
142512
143323
143255
143721
143691
143968
144634
144710
144374
144759
144508
144591
144743
143913
144915
145135
143998
145273
144707
144295
144631
144346
144074
144741
144316
144512
144140
143225
143506
142575
142416
141503
140483
140448
138722
137273
134112
129746
125363
122874
124104
129052
132971
136726
139114
140071
141728
142313
142930
143907
144091
143547
144200
144751
144829
144027
144883
143906
144922
144756
145349
145027
144931
145190
145342
144819
144979
145337
144694
144696
145313
144894
144792
144399
144628
145191
144867
145067
145319
144938
145436
146065
145069
145046
144862
144585
145490
145455
145269
145677
144870
144748
145110
145406
145554
144814
144771
145743
144788
145067
144862
145510
145601
146030
145424
144784
144915
145062
145882
145128
144659
144842
145263
145603
145935
145398
145976
145262
145903
145854
145110
145043
145708
144989
144811
145745
145660
145566
145924
145899
145546
145219
145499
145673
145545
144903
145476
145870
145045
145694
146049
145800
145532
144896
145921
145409
146437
145348
146353
145009
145430
145545
145845
145904
145182
145625
144592
146110
144644
145428
145217
145129
145699
145552
145099
146060
146760
145750
145790
145989
145307
145976
145876
145696
145591
145731
145320
145931
145199
145660
145810
145012
145171
145580
145597
145849
145681
146746
145890
145678
145972
146219
