606979
608150
608258
607969
608612
608978
608516
608791
607813
608848
608586
608958
608414
609021
608857
608360
608802
608034
608861
609335
609480
608624
607989
608834
608548
608795
608056
610139
609148
609389
608265
608613
608682
607802
609013
609460
608346
608695
608913
609426
609219
609240
607434
607762
607990
609542
607713
609062
608202
607204
609316
610046
608974
608846
609654
608551
609202
608140
609045
607976
609310
608830
607350
608864
609516
607866
609231
608395
610361
609280
609026
607928
609327
608502
609155
607970
608625
610103
608181
608849
606766
609826
607909
608214
610531
607422
608754
609130
608289
609746
606966
609104
609552
608202
609480
609286
608159
608875
609121
607325
607625
608633
607814
608200
607852
607809
608468
607582
608223
607192
607957
608773
607532
607860
608266
607920
609061
608389
607173
607951
607868
607613
607450
607944
610132
608794
608958
609379
608594
608941
608244
607535
609536
608571
610670
607387
609273
606939
608342
608705
609201
610016
608829
608906
607751
609623
608239
609819
608323
610112
608813
607992
609100
607763
608501
608568
607949
607496
607702
608783
608122
609430
608729
608651
607558
608359
607332
606949
608301
608335
608038
606095
608616
608869
607928
609238
607318
607970
608694
606922
608995
608808
608896
609398
608073
608534
608063
606800
607954
607370
606891
606941
607776
607330
606404
606513
608402
606996
606134
608423
608056
607413
606616
605438
606795
606998
606755
605295
605391
606298
606463
605157
606073
605505
606205
604775
605900
604620
604380
605284
603988
604465
603681
604261
604996
604312
601955
602231
602556
601189
600947
601185
602403
600658
600183
598259
598271
597105
597788
596470
595892
595837
593597
593491
591869
591605
590313
588633
588074
584387
583019
581377
576728
574199
571783
570476
566995
562181
559030
552490
550303
546537
541682
537934
535347
532937
533150
532910
533326
534399
536997
539404
541991
546306
550386
554194
557748
563833
566804
569242
572317
575058
579042
581371
582680
585629
586926
589992
591372
592960
592954
595135
596147
596356
597083
597516
597464
600179
599068
599497
599161
601191
600586
601368
602128
603897
603285
603915
604325
603767
603703
604997
604958
605300
604374
605593
604919
606100
605403
605832
606191
604878
606611
607044
605523
605484
606681
607189
606785
607162
607857
608355
606671
607061
607045
606109
607383
607206
606564
607170
607787
608074
607158
607178
607875
607499
607507
607021
608601
608797
606994
608058
607425
608118
608335
609564
608472
608848
607358
608834
607645
608505
609370
607224
608808
607914
608644
607923
609814
609285
609534
609053
610921
608756
609360
608474
607580
608663
608725
608150
608590
608706
609257
608606
608229
609380
610406
609062
609348
609746
609983
608802
609406
610037
608791
608031
610378
609937
608749
609814
608727
609358
610701
609237
608655
607368
610510
611411
608923
609208
609467
608138
608457
608493
609686
608906
610105
608653
608446
608283
608877
609011
610465
609872
611439
608377
608376
611345
610135
608496
609395
608923
607825
610573
609007
609223
609738
610352
608388
609613
609058
609442
609098
608914
609497
609643
609276
608066
609041
609063
609031
608479
608962
609618
610287
609296
608612
609054
611181
609553
609694
608797
608022
609447
607827
610355
609507
609499
610610
608594
608775
608291
608939
608071
609183
608657
609776
608432
609220
609805
610701
609835
610577
607881
609712
609644
610552
609349
608384
609539
609722
608377
609555
610247
610118
609881
608692
610399
608089
610086
609340
609699
610460
609616
609976
610090
609555
609834
609809
608754
608652
608291
608557
608359
607598
609101
608994
608401
608062
607748
607596
610226
608093
608722
609040
608087
609429
608475
609016
608727
607722
608165
608101
610043
607293
607908
609413
607193
608670
608199
608648
608848
609655
608183
607287
609288
607581
609244
607806
609285
607954
608231
609090
608869
608627
608877
608737
609794
608282
607972
609103
608283
608794
609591
608505
608974
607496
609684
607946
607258
608190
607114
608166
609443
607763
607981
608024
607505
608569
608240
607830
609714
606313
609343
606693
607908
607033
607995
608549
608425
607164
608176
608336
607996
607400
609180
607397
607846
607894
607150
607006
608325
609894
606005
606701
607162
607286
608118
608110
608957
606968
607369
608438
608627
607607
610118
607881
607850
608345
606768
607327
608453
609352
607123
609166
608093
607788
607600
607616
607267
607506
607254
607111
607852
607799
608240
608069
609153
606992
607854
607150
608174
607763
605906
606513
607549
606743
606975
607109
606636
608073
607301
607228
607529
607073
608618
607042
607432
607972
605405
606926
605968
607005
607834
606894
606492
606143
607069
606594
606011
605392
605695
606307
606686
606913
607596
605301
605799
607450
606545
607039
606134
605525
605254
605334
604572
605632
604553
605840
605756
604695
605520
604790
604273
605224
604307
605089
606437
604176
604484
604612
603353
604957
603691
602640
602625
604092
601832
601853
601233
601004
601086
601843
601248
600290
600584
600616
598611
598724
597388
598542
597055
597874
594971
596079
595031
593506
592402
591615
590914
588692
587354
585010
585405
581802
580085
576330
574467
571638
567417
565781
561897
556452
553029
547040
544567
540889
536352
534040
531676
531339
529880
530710
531299
535470
536770
540995
545280
548600
554935
555817
561285
564043
567248
571701
574496
578079
580344
581793
583409
585595
587886
589398
589435
591152
590972
592881
592912
595136
595074
596194
596979
596736
598994
598541
597808
598497
599114
599616
601010
599346
600593
601915
599349
602213
601308
601799
602502
603960
602407
603508
603824
603270
603937
603971
602879
604214
604988
603432
604755
604804
605927
604671
605276
604079
604566
605503
606626
604388
604978
605412
603832
605575
605621
605869
604236
605025
605822
605870
605760
605376
605525
606099
606963
606294
606960
606466
605905
607088
607106
606449
604439
607601
605804
605370
607544
606547
606557
606134
606959
606192
605911
605956
606741
606761
608242
606490
606127
605710
607328
606343
606370
607222
605741
606073
606679
605801
606432
607591
606919
608221
607108
606096
607336
606123
607120
607209
605122
605715
606959
607136
606896
606175
607579
607533
604880
607275
607592
607610
606562
607134
607834
607668
606649
606902
607885
606025
607551
606834
607542
606350
607279
606758
607296
608166
607600
606218
607110
607184
606592
607333
607182
607049
606933
608122
608043
606618
607257
608172
607216
606234
607433
606968
606712
606476
607542
607908
605781
605922
606101
607761
606864
606573
607011
607298
604360
607164
606712
607318
605379
607844
607824
606892
607131
606526
607586
608020
607648
607333
607197
606782
607176
608282
607379
606355
606741
607799
607747
607903
606230
607926
606488
608391
606962
607645
606829
607990
607906
605872
607033
607325
607214
607572
606520
605781
607567
607969
606793
607301
606801
607542
606786
607847
606159
607343
606922
605286
607012
608673
606064
606245
607897
606215
607213
608780
608091
607423
607147
607198
606406
606654
608576
607975
608261
607461
607026
609494
606890
608359
607917
607158
607098
607209
607812
607817
609257
607559
607111
607087
607862
607073
607397
605404
608464
