6920
6985
7020
6765
7015
6915
6895
6951
6858
6896
6863
6875
6858
6855
6838
6954
6947
6936
6897
6953
6874
6829
6842
6820
6681
6888
6936
6941
6954
6890
6937
6847
6891
6912
6905
6910
6833
6733
6804
6853
6845
6964
6813
6896
6890
6996
6839
6932
6934
6818
6920
6912
6917
6935
6824
6861
6945
6926
6866
6978
6897
6908
6745
6763
6862
6782
6988
6778
6922
6812
6837
6910
6924
6925
6974
6901
6785
7015
6975
6974
7036
6948
6744
6988
6731
6999
6962
6866
6894
6908
6700
6943
6844
6886
6861
6914
6893
6887
6853
6886
7040
6870
6891
6980
6762
6819
6772
6942
6847
6957
6781
6880
6761
6959
6947
6795
6921
6859
6868
6814
6972
6801
6822
6937
6714
6852
6827
6696
6834
6949
6914
6960
6788
6878
6917
6781
6834
6869
7028
6983
6848
6937
6792
6964
6882
6922
6952
6930
6877
6876
6856
6985
6872
6929
6793
6901
6884
6969
6772
6862
6860
6928
6927
6792
6870
6764
6829
6881
6815
6934
6807
7015
6893
6829
6895
6858
6974
6967
7040
6889
6893
6848
6870
6856
6919
6803
6819
6869
6811
6867
6869
6883
6667
6770
6779
6888
6862
6959
6834
6861
6688
6838
6930
6756
6891
6848
6766
6839
6805
6872
6808
6869
6867
6790
6821
6602
6802
6908
6934
6969
6852
6697
6841
6775
6892
6823
6844
6735
6846
6823
6826
6794
6775
6943
6792
6622
6731
6775
6790
6724
6773
6737
6724
6718
6773
6739
6636
6586
6716
6506
6581
6526
6431
6514
6305
6524
6315
6373
6306
6263
6062
6085
6106
6126
5954
6227
5952
5901
5956
5975
5984
5988
6150
6085
6086
6238
6281
6073
6342
6486
6544
6475
6550
6442
6663
6529
6466
6664
6635
6647
6760
6625
6726
6605
6714
6721
6732
6761
6759
6757
6768
6821
6896
6811
6852
6855
6807
6926
6763
6795
6863
6753
6791
6718
6795
6938
6967
6753
6821
6957
6837
6868
6796
6756
6839
6629
6932
6844
6861
6864
6785
6775
6915
6827
6894
6884
6851
6771
6946
6808
6807
6853
6929
6924
6656
6917
6893
6843
6903
6768
6813
6778
6819
6954
6768
6851
6920
6981
6898
6802
6745
6904
6931
6860
6856
6894
6867
7013
6998
6853
6946
6860
6833
6881
6896
6800
6915
7006
6981
6855
6786
6935
6873
6801
6929
7051
6808
6837
6805
6875
6941
6995
6872
6811
6846
6925
6967
6699
6942
6917
6744
6804
6748
6969
6985
6843
6952
6916
6960
6845
7047
7023
6894
6873
6996
6950
6764
6869
6910
6836
7011
6927
6882
6981
6869
6865
6845
6748
6896
6876
6881
7045
6876
6869
6887
6913
6916
7071
7018
6753
6758
6823
6792
6837
6925
7034
6939
6839
6918
6905
6756
7047
6907
6849
6783
6880
6830
6940
6880
6899
6851
6830
6827
6861
6792
6938
6949
6926
6870
6889
6859
6948
7031
6769
7025
6831
6945
6928
6893
6868
6834
6650
6915
7011
6967
6835
6780
6922
6826
6832
6903
6870
7044
6944
6782
6791
6898
6830
6979
6962
6963
6827
6932
6813
6911
6982
6923
6846
6975
6786
6705
6922
7073
6865
6850
7042
6962
6951
6783
6986
6861
6808
6861
6917
7055
6911
6884
6980
6950
6825
7015
6942
6952
6913
6946
6845
6810
6949
6815
6752
6942
6767
6687
6802
6781
6814
6859
6940
6894
6842
7027
6800
6831
6934
6819
6963
6893
6868
6932
6924
6969
6924
7032
6896
6883
6792
7047
6886
6920
6850
6914
6799
6890
6972
6927
6955
6908
6844
6870
6790
6744
6978
6947
6775
7050
6785
6835
6918
6850
6845
6809
6897
6931
7015
7002
6918
6824
6970
6798
6850
6893
6951
6868
6899
6877
6759
7032
6943
6844
7129
6853
6879
6698
6911
6898
6858
6818
6887
6931
6915
6889
7069
6880
6781
6849
6817
6828
6907
6950
6907
6929
6939
6791
6821
6806
6903
6887
6902
6832
6848
6875
6876
6967
6767
6911
6960
6894
6909
6781
6847
6839
6816
6986
6836
6767
7039
6810
6750
6970
6966
6841
6798
6955
6893
6775
6893
6734
6739
6971
6862
6650
6847
6864
6851
6663
6776
6926
6802
6965
6829
6824
6805
6763
6785
6980
6834
6912
6972
6840
6966
6825
6771
6916
6855
6782
6976
6895
6816
6846
6792
6736
6798
6863
6970
6842
6759
6873
6732
6680
6830
6753
6722
6717
6783
6770
6798
6635
6773
6757
6728
6797
6751
6590
6724
6673
6752
6847
6732
6524
6811
6713
6543
6526
6576
6611
6419
6397
6549
6298
6292
6322
6441
6129
6213
6011
5983
6013
6082
6014
5984
5852
6011
5965
5989
6070
6060
6248
6240
6198
6388
6272
6356
6359
6363
6512
6367
6569
6555
6576
6639
6679
6679
6790
6678
6627
6685
6669
6684
6658
6728
6742
6716
6732
6719
6643
6764
6846
6734
6677
6999
6952
6710
6948
6997
6767
6686
6780
6871
6742
6757
6754
6867
6706
6843
6812
6947
6833
6664
6823
6949
6744
6876
6797
6911
6832
6910
6738
6676
6766
6805
6777
6801
6836
6891
6823
6721
6888
6863
6770
6740
6860
7087
6797
6856
6950
6770
6894
6830
6729
6861
6816
6932
7002
6737
6852
6870
6949
6806
6767
6712
6756
6875
6743
6990
6827
6843
6848
6952
6901
6766
6957
6922
6934
6920
6907
6908
7027
6936
6814
6762
6663
6853
6796
6968
6894
6902
6822
6995
6835
6793
6734
6799
6897
6814
6771
6977
6872
6895
6871
6674
6938
6846
6875
6911
7020
6798
6756
7053
6854
6884
6871
6852
6850
6821
6928
6875
6831
7007
7005
6796
6831
6875
6940
6861
6908
6828
6890
7020
6940
6869
6911
6807
6656
7028
6925
6999
6920
6833
6776
6810
6790
6912
6657
6984
6978
6894
6765
6848
6957
6909
6981
6860
6828
6887
6737
6850
6928
6778
6727
6962
6782
6872
6776
6903
6713
6889
6894
6877
6847
6895
6882
6773
6666
6830
6793
6800
6768
6818
6875
6768
6843
6920
6705
6876
6816
6834
7060
6858
6928
6903
6898
6943
6914
6790
6727
6828
6607
7126
6997
6794
6768
6707
6878
6908
6970
6862
6790
6939
6916
6771
6892
6900
6869
6925
6807
6923
6788
6901
6833
6899
6873
6783
6893
6997
6876
6706
6906
6854
7021
6798
7027
6840
6948
6918
