23696
23996
24243
23977
23557
23824
23651
24073
24094
23795
23975
24011
23939
23920
23856
23675
23625
23855
23854
23689
23934
23745
24021
24022
23803
24137
24070
24182
24088
23807
24048
23904
23763
23634
23832
24188
24215
24111
23874
23997
23807
23836
23738
23599
23612
23572
23924
24101
23751
23926
23909
23839
23738
23802
23764
23492
23784
24074
24153
23941
23782
23728
23554
23868
23922
23898
23874
24174
24005
23789
24018
24266
23679
23906
23718
23811
24064
23702
24043
24040
23955
24357
23863
24043
23792
24092
23759
23941
23938
24094
24084
24252
24009
23781
23948
24028
24164
23997
23743
24029
24014
23911
23851
24112
23925
23899
23810
23941
24092
24013
24242
24162
23804
23801
23764
23976
23973
23815
23726
24064
23813
24263
23751
23770
24233
23906
23747
24181
23920
24044
23620
24016
23988
23753
23998
24060
23717
23756
24064
23794
23989
23746
23652
23564
23496
22990
22940
22742
21985
21527
21793
22208
22868
23136
23275
23403
23599
23890
23398
24079
23864
23827
23898
24017
23847
23859
23806
23911
23834
23758
23710
23784
24005
24079
23653
23916
23945
24076
23922
24110
24076
24117
23978
24084
24192
24000
23647
23805
23788
23843
23421
23473
23146
22689
22253
22510
23198
23065
23412
23564
23763
23962
24223
24189
23917
23779
23947
23942
24393
23865
23997
23853
23860
23986
23986
23873
24083
24240
24212
23998
23785
24022
24045
23942
23653
24096
23867
23824
24167
23991
24010
23738
24101
24178
23838
23709
23372
23748
23285
22801
23287
23335
23622
23852
23824
23603
23896
23829
24100
23970
23894
24101
24212
24067
24175
23978
24093
24039
23920
23974
24153
24054
23932
23886
23966
24189
23888
24111
23781
23827
23747
23541
23209
23057
23073
23315
23436
23548
23556
23744
23848
23917
24011
23963
23945
23938
24018
24186
23873
23917
23902
24107
24368
24003
23860
24007
24011
24128
24257
23836
23967
24024
23851
24152
24051
24115
23900
23933
23916
23997
23914
23942
24199
24014
23798
23359
23258
22921
22482
22477
22792
23424
23532
23775
23725
23732
23762
23759
23920
24150
23929
23875
23881
24100
24168
24095
24170
23899
24001
24019
24366
23876
23896
23800
23850
24208
24078
24003
24173
24058
23955
23983
23635
23889
23811
23652
23769
23603
23644
23457
23436
22804
22312
21771
21798
21974
22707
23119
23370
23613
23591
23708
23841
23849
23861
23896
24101
23963
23725
23906
23622
23868
23855
23788
24082
24255
23837
23821
24367
24018
24073
24020
24222
24077
23977
24336
24061
24157
24042
23798
23841
23934
24219
24180
24205
24024
24026
24235
24367
23810
24193
24141
24020
24176
24133
24022
23859
24079
24046
23842
24074
23948
24005
24020
23836
24181
24186
23828
24234
23897
24121
24577
24155
24135
24018
24372
24112
24149
24186
24136
24287
24233
24215
24070
23912
24075
24076
24116
24196
23995
24029
24294
24135
23990
23993
23962
23974
24244
23969
24141
23812
24184
23785
24026
24027
24094
24156
24083
23928
24062
23981
23714
24361
24199
23999
24296
23855
24119
24017
24201
24199
23825
23665
24256
23992
23944
23971
24157
24136
23844
23859
24172
24080
23991
24161
24011
24342
23745
23725
24155
23863
24111
23898
24126
23774
24238
24198
23854
24073
24181
23917
23891
24179
24052
23814
23883
24234
23815
23868
23975
23712
24058
23908
24160
23943
24394
24042
23963
24069
23874
23819
24153
24199
24000
23851
24001
24307
24024
24250
23764
24194
23893
23770
24074
24248
24099
23768
23723
23805
23954
23856
24271
23692
24037
23733
23952
23792
23625
23880
23849
23981
23782
23868
23817
24032
24077
24096
23741
24076
23862
24075
23958
23806
23933
23647
24009
23856
23879
23987
24163
24082
23968
23987
23859
23999
23688
23959
24120
23632
24130
23712
23961
24000
23717
23658
24005
23902
23954
24174
23922
23837
23924
23935
23715
23900
23797
23933
23730
23875
23849
23977
23851
24150
23688
23899
23745
23959
24001
24123
24044
23844
24032
23845
23793
24012
23661
23809
23832
23658
23842
24027
23526
23829
23801
23718
24111
23708
23863
23721
23897
23631
24196
23830
23530
23630
23434
23675
23533
23498
23293
23194
22776
22302
21731
21623
21781
22129
22731
22737
23319
23212
23606
23431
23627
23547
23691
23618
23983
23723
23908
23734
23701
23679
23490
23809
23857
23974
23721
23933
23992
23845
23466
23786
23977
23610
23670
23687
23842
23782
23438
24017
23481
24005
23906
23615
23678
23327
22872
22896
22439
22220
22568
22971
23195
23292
23449
23624
23563
23768
23910
23834
23972
23568
23605
23716
23976
23737
24039
23867
23731
23775
23856
23582
23885
23873
24058
23712
23690
23887
23696
23740
23757
24037
23727
23661
23690
23848
23650
23721
23561
23873
23320
23480
23371
23371
22649
22517
22815
23328
23412
23426
23427
23541
23526
23496
23644
23542
23916
23644
23763
23798
23846
23891
24023
23716
23962
23588
23714
23684
23635
23486
23723
23538
23724
23715
23541
23438
23112
23110
23035
22471
22831
23065
23227
23260
23516
23925
23561
23440
23778
23736
24026
23754
23729
23636
23626
23554
23561
23507
23913
23460
23781
23895
23887
23825
23736
23758
23877
23804
23671
23624
23772
23645
23661
23448
23633
23707
23806
23503
23562
23438
23519
23397
22952
22827
22259
22388
22280
22788
22890
23360
23219
23641
23617
23356
23627
23767
23557
23705
23696
23886
23764
23443
23627
23584
23622
23552
23652
23564
24108
23537
23484
23580
23400
23645
23502
23713
23647
23618
23542
23663
23282
23689
23340
23354
23520
23700
23461
23072
22480
21898
21543
21174
21737
21951
22642
22899
22808
23260
23389
23446
23411
23401
23643
23633
23889
23727
23659
23575
23691
23507
23606
23627
23546
23759
23817
23449
24021
23673
23513
23770
23715
23541
23663
23663
23853
23337
23562
23792
23611
23823
23797
23957
24036
23863
23960
23817
23609
23873
23639
24054
23771
23482
24128
23802
23677
23776
23612
23719
23543
23918
23566
24059
23651
23819
23723
23664
23818
24017
23810
23543
23756
23570
23924
23790
23532
23921
23947
23831
24162
23789
23815
23953
23673
23983
23837
23876
23772
23667
23815
23546
23923
23967
23689
23695
23600
23744
23679
23682
23872
23779
23613
23961
24021
23651
24031
23668
23640
23801
23547
23856
23687
24004
23747
23860
23716
23843
23729
23822
24001
23699
23875
23595
24050
23798
23799
23976
23787
23889
23941
23874
23664
23734
23687
23529
23626
23731
23722
23828
23642
23794
23626
23722
24031
23832
23741
24136
24011
24113
23555
23845
23729
23731
23959
