10350
10334
10443
10294
10345
10346
10405
10258
10359
10471
10385
10462
10474
10376
10538
10455
10472
10458
10575
10351
10403
10447
10521
10333
10350
10289
10280
10413
10569
10506
10340
10468
10348
10434
10444
10372
10340
10457
10472
10445
10694
10448
10488
10306
10348
10336
10452
10225
10399
10360
10424
10579
10632
10274
10611
10317
10532
10608
10604
10340
10416
10363
10514
10446
10395
10433
10301
10303
10594
10423
10376
10299
10272
10401
10346
10612
10390
10616
10494
10290
10427
10401
10425
10398
10430
10523
10479
10446
10472
10427
10437
10433
10345
10529
10467
10543
10383
10352
10535
10457
10257
10523
10524
10362
10294
10320
10546
10675
10536
10390
10299
10356
10502
10533
10463
10375
10366
10483
10478
10461
10236
10388
10476
10438
10402
10293
10474
10463
10385
10400
10504
10241
10406
10436
10496
10483
10540
10358
10142
10417
10411
10481
10504
10306
10427
10459
10480
10459
10279
10338
10597
10485
10403
10456
10661
10361
10339
10542
10408
10408
10355
10519
10489
10472
10431
10394
10387
10414
10446
10388
10553
10345
10534
10561
10345
10279
10431
10416
10320
10425
10260
10565
10275
10251
10471
10480
10531
10520
10246
10449
10480
10299
10510
10566
10529
10694
10495
10404
10444
10485
10400
10504
10424
10429
10080
10595
10393
10523
10343
10214
10390
10351
10365
10254
10194
10218
10369
10651
10373
10323
10456
10193
10340
10169
10231
10335
10285
10390
10415
10460
10298
10397
10381
10479
10395
10255
10425
10335
10426
10264
10254
10187
10308
10274
10300
10315
10290
10142
10257
10049
10148
10054
9915
10118
10157
10045
9676
9788
9719
9778
9732
9805
9575
9793
9653
9516
9547
9644
9617
9573
9592
9638
9539
9688
9542
9729
9979
9808
10122
9860
9854
9969
9826
10015
9875
10224
10167
10183
10140
10175
10205
10064
10288
10144
10253
10428
10321
10188
10318
10356
10407
10384
10295
10360
10332
10276
10359
10332
10357
10411
10331
10387
10342
10490
10467
10422
10418
10137
10434
10402
10491
10515
10074
10307
10384
10419
10229
10191
10405
10442
10384
10570
10206
10238
10427
10493
10220
10422
10463
10469
10488
10396
10514
10451
10652
10502
10414
10618
10385
10516
10532
10332
10354
10503
10416
10471
10392
10341
10354
10246
10273
10436
10457
10519
10450
10401
10559
10611
10539
10507
10583
10429
10463
10431
10582
10510
10317
10421
10430
10394
10566
10486
10266
10429
10482
10313
10502
10444
10445
10440
10452
10335
10252
10464
10455
10505
10457
10290
10340
10521
10394
10426
10426
10467
10549
10312
10294
10395
10388
10290
10240
10436
10593
10439
10426
10429
10334
10434
10324
10430
10430
10478
10573
10355
10427
10555
10545
10230
10409
10332
10334
10502
10366
10224
10384
10519
10453
10537
10472
10532
10289
10435
10252
10214
10611
10333
10423
10426
10493
10511
10500
10545
10594
10486
10523
10257
10409
10510
10314
10264
10411
10426
10431
10335
10495
10554
10319
10617
10280
10367
10583
10373
10412
10357
10369
10468
10381
10425
10469
10429
10325
10426
10289
10354
10415
10461
10652
10504
10345
10532
10402
10440
10482
10363
10550
10456
10490
10520
10287
10386
10558
10470
10279
10374
10429
10469
10354
10438
10429
10225
10468
10360
10473
10510
10494
10263
10369
10278
10494
10410
10459
10515
10336
10468
10489
10405
10304
10436
10400
10542
10656
10304
10338
10490
10744
10269
10313
10521
10523
10598
10566
10455
10569
10443
10503
10359
10376
10466
10392
10405
10493
10391
10294
10415
10446
10400
10576
10399
10486
10429
10444
10256
10380
10509
10532
10548
10479
10453
10300
10404
10249
10302
10554
10390
10436
10580
10376
10301
10463
10401
10419
10499
10445
10324
10340
10414
10556
10558
10308
10412
10172
10396
10384
10298
10553
10583
10311
10348
10510
10432
10659
10601
10635
10519
10417
10241
10480
10512
10558
10466
10418
10438
10240
10463
10344
10290
10499
10553
10489
10420
10474
10603
10526
10401
10397
10272
10334
10491
10405
10322
10499
10495
10490
10402
10514
10359
10539
10151
10587
10523
10502
10492
10226
10344
10450
10362
10529
10558
10528
10264
10358
10271
10314
10374
10270
10413
10379
10633
10312
10398
10498
10531
10480
10459
10340
10413
10391
10234
10321
10492
10551
10250
10347
10410
10482
10289
10386
10404
10305
10380
10292
10356
10414
10356
10179
10407
10261
10304
10407
10480
10325
10416
10257
10436
10417
10430
10364
10543
10443
10327
10403
10473
10391
10198
10445
10354
10464
10446
10371
10424
10226
10463
10398
10436
10381
10160
10418
10413
10365
10367
10206
10393
10509
10291
10307
10219
10238
10232
10337
10138
10119
10223
10259
10259
10006
9928
9941
10066
9985
10022
9831
9841
9819
9710
9600
9707
9535
9496
9555
9503
9474
9572
9713
9449
9714
9587
9778
9847
9882
9907
10156
9919
9847
9988
10010
10051
10095
10225
10166
10114
10040
10313
10176
10400
10270
10288
10307
10298
10055
10201
10230
10314
10363
10289
10175
10368
10374
10473
10375
10339
10313
10333
10458
10161
10288
10255
10512
10464
10500
10291
10279
10471
10386
10458
10280
10332
10516
10325
10267
10336
10442
10348
10415
10476
10354
10469
10496
10356
10545
10484
10462
10380
10385
10421
10375
10540
10353
10316
10437
10327
10578
10408
10445
10442
10275
10343
10444
10234
10417
10452
10212
10298
10630
10306
10319
10475
10348
10404
10522
10386
10510
10378
10325
10447
10537
10409
10473
10366
10326
10207
10300
10572
10553
10052
10422
10303
10356
10410
10506
10322
10490
10315
10406
10294
10324
10397
10562
10467
10488
10499
10482
10444
10260
10522
10296
10313
10266
10325
10520
10424
10330
10248
10424
10502
10372
10360
10429
10502
10325
10384
10390
10450
10570
10483
10425
10493
10645
10335
10369
10053
10512
10439
10277
10423
10448
10337
10450
10380
10473
10559
10443
10385
10381
10302
10271
10302
10618
10575
10427
10309
10503
10620
10492
10400
10454
10507
10500
10492
10455
10510
10432
10350
10405
10444
10392
10345
10426
10378
10594
10376
10294
10421
10421
10365
10379
10278
10432
10426
10272
10495
10495
10645
10335
10560
10303
10340
10301
10328
10407
10480
10546
10624
10307
10485
10282
10346
10364
10446
10379
10476
10641
10434
10378
10435
10363
10370
10294
10341
10328
10289
10439
10464
10518
10422
10440
10448
10433
10536
10457
10407
10463
10358
10471
10495
10399
10291
10509
10422
10449
10487
10439
10413
10315
10460
10465
10472
10555
10416
10380
10234
10484
10310
10412
10426
