72720
73224
73004
73729
73248
73122
72607
73334
73236
72854
72969
73124
72873
73182
73031
73241
72966
72877
73237
73203
72941
73340
72942
72788
72844
73068
73034
72820
73246
73230
73310
73121
72852
73150
72956
73232
73445
72680
72785
73153
73350
73067
73426
72746
73233
73190
73177
72719
72873
73021
73135
72885
73082
73191
73115
73017
73323
73286
73226
73389
73327
73720
73778
73263
73530
73371
73075
73206
73232
73350
72470
73325
73241
72897
72687
72818
73257
73338
73210
73184
72936
72968
72985
73197
73070
72831
73264
72864
72925
73263
73547
73254
72841
73154
73482
72812
73250
72986
72996
73243
73016
72902
73410
72701
73250
73406
72949
73291
73259
73202
73010
73049
73169
72711
73060
73384
73511
73639
73263
73255
72746
73494
73762
73173
73761
72987
73674
73164
73656
73351
73508
73223
72751
73429
73006
73229
72867
73355
73535
73595
73490
72513
73051
73058
73364
73579
72817
73135
73571
73129
73268
73414
72946
73258
73572
73296
73660
73604
73355
73254
73478
73634
73769
73548
73251
73350
72842
73298
73790
73409
73440
73711
73399
73431
73315
73017
73278
73260
73119
73177
73618
73554
73651
72766
73365
73507
73523
73442
73110
73103
73484
73350
73299
73852
72790
73059
73100
73778
73556
72945
73453
72824
73630
73788
72820
73441
73786
73112
73077
73714
73629
73453
73121
73564
73472
73236
73207
72913
73454
73330
73185
73372
72926
73078
73004
73326
73515
73532
73279
73542
73492
73496
73198
73325
73492
72696
72818
73452
73781
72603
72763
73140
73352
72850
73029
72165
72079
72555
72700
72340
72027
71410
70957
70751
70750
69171
68538
67187
65889
65029
64068
64221
64990
66476
68114
69403
69914
70471
71019
72112
72047
71767
72643
72701
72585
72706
73205
72854
73180
72932
73002
73497
73282
73099
73427
73170
73679
73170
73686
73736
73233
73153
73476
73335
73221
73401
73680
73563
74007
73517
73441
73861
73356
73478
73833
73975
73610
73589
73434
73737
73241
73504
73574
73264
73036
74123
73538
73668
73517
73548
73826
73753
73810
73893
73863
73904
73944
73578
73597
73388
73912
73219
73656
74060
74203
74082
73711
73803
73846
73720
73849
73697
73715
73789
73691
74201
73661
74160
73537
73813
73384
73763
74486
73733
73527
74270
73493
73820
73748
74151
73882
73855
73942
73863
74199
74038
73605
73845
73770
74195
74030
73816
73553
73598
73803
74049
73530
73539
73372
73705
74154
73648
73575
73941
73998
73738
73650
73981
73733
73917
73674
73611
73837
74070
73793
73766
73191
73827
74048
73901
74637
73819
73543
73497
73612
73981
74073
73655
73956
73598
74088
73850
74038
73755
73684
74196
74024
74041
74001
73692
74064
73614
73862
73330
74082
73680
74045
74094
73676
73867
73557
74239
73972
73819
73675
73776
73306
74178
73910
73952
73552
73406
74238
73691
73801
74184
73765
73565
73781
73764
73921
74320
74036
73719
73564
74520
74144
73914
74314
74323
73792
73495
73853
73687
73939
74111
73891
74038
73473
74031
73956
74381
73284
73676
73413
73964
74212
73891
73845
74418
73651
73966
73802
73925
73624
73900
73421
74196
73994
73838
73963
73728
74000
73951
74322
74079
73915
73978
73291
74035
73346
73555
73731
73901
73989
73653
74091
74229
73627
74128
73932
73108
73673
73686
73526
74230
73801
74023
73793
73668
73578
73959
73953
73942
73919
73831
73762
73534
73721
73815
73836
74056
74403
73848
73679
74128
74076
73927
73471
73342
73361
73928
73655
74175
74018
73888
73463
73903
73333
73836
73827
73683
73825
74051
73851
74277
73248
73443
73772
74137
73749
73899
73996
73979
73851
73974
73715
73491
73780
73906
73599
73364
74527
73657
73866
73530
73813
73426
73665
73918
74255
73594
73534
73454
74216
73628
73483
73581
73376
74182
73388
73137
73926
73393
73461
73563
73065
73679
73492
73853
73692
73265
73730
72944
73357
73601
73810
73634
73228
73470
73517
74085
74433
73648
73288
73635
73879
73854
73532
73559
73626
73989
73961
73655
73646
73246
73676
73807
74346
73320
73932
73521
73650
73733
73468
73598
73360
73901
73987
73543
73169
72960
73337
72929
73689
73242
73466
73828
73779
74154
73063
73709
73622
73295
73418
73524
73876
73635
73719
73808
73701
73294
73468
73364
73355
73314
73884
73836
74085
73523
73190
73349
73119
73279
73570
73662
73654
73442
73368
73667
73491
73488
73582
73349
73407
73730
73685
73427
73386
73402
73722
73290
73275
72870
73148
73160
73345
73296
72678
73167
73471
73145
73024
72910
73348
73134
73315
73442
73208
73444
73224
73348
73569
73341
73130
72950
73345
72807
73139
73097
73459
73194
73132
72396
73071
72915
73112
72640
71802
71987
71844
71834
71887
71497
71754
72023
71767
71592
71016
71497
71465
71172
71475
71333
71555
71443
71293
71246
71180
71700
71343
71315
71413
71311
71116
70793
70971
69353
69241
68571
68133
67592
68310
68248
68921
70108
69790
71277
71731
71550
71969
72040
72703
72995
72376
72869
72852
73329
72880
72544
73186
72518
72729
72650
72931
73220
73783
73067
73183
72787
73098
73116
72687
73397
73177
73106
72867
73007
73006
73224
73188
72898
73149
73002
73131
72793
72824
73452
72910
73403
72657
72845
73194
73046
73551
72926
72928
72991
73482
73529
73109
73022
73013
72981
73299
73234
73074
73140
73236
73185
73218
73009
72656
72767
73767
73471
72945
73516
73272
73156
72897
72728
73659
72869
73473
73400
73055
73223
72960
72870
73065
72980
72800
72767
72905
72855
72884
73133
73217
72894
72539
73054
73046
72812
73073
72939
72683
73856
73014
72937
73344
72904
72836
73124
72778
73424
73300
73370
73071
72767
73465
73053
72644
72864
73365
72948
73172
72999
72868
72926
73179
72678
72941
73077
72913
73092
72753
72881
73383
73226
72526
72525
73022
73154
72631
72655
73071
72627
72748
72711
73054
72900
72965
72626
72809
72930
73339
72356
72803
72342
73290
72889
72697
72916
73457
72839
72617
73160
72594
72688
72489
72940
72792
72948
73207
72873
73097
72592
73024
72685
72886
72766
73204
73057
72945
72731
72612
72740
72851
73253
73511
73041
72494
73097
72995
73204
72815
72833
72824
73089
72753
72683
73185
72777
72525
73116
73482
73108
72600
72841
72506
72568
72819
72435
72925
72945
72890
73086
73330
73141
73186
72971
72604
72907
72531
72491
72552
73019
73054
72829
73027
72668
73002
73285
73204
73164
72759
72446
73120
72484
73088
72489
73004
73266
73097
72927
72683
72873
72906
72903
73612
72922
72955
73194
72992
72886
72681
72593
72597
72996
72983
72963
72462
73794
