103319
103388
103678
103339
103343
103879
103457
103508
103165
103528
104009
103397
103422
103092
103191
103504
103708
103658
103384
103815
103587
103182
103103
104083
103500
103234
103828
103422
102893
103491
103075
103807
102967
103257
103489
103672
102981
103080
103236
103752
103452
103342
103053
103112
103087
103204
103339
102579
103052
103484
103044
103177
103175
102237
102703
102894
102665
102082
102140
101329
101694
100712
100758
100522
99260
98001
97482
96312
94290
92711
91155
90824
91424
92208
93394
96176
97026
98288
98652
99955
100705
100368
101234
100921
100704
101480
101516
102049
102533
102492
102077
102854
102410
102856
103009
103552
103599
102499
102848
103223
103176
103025
103888
103827
102893
103597
103054
103797
103084
103496
103597
102960
103301
103711
103729
103859
103252
103113
103274
103549
103443
102890
103897
103284
102588
103473
103485
103323
103590
103168
103910
103428
103309
103127
102852
102860
102778
102853
102665
102859
102489
101909
100767
101308
99785
99800
97410
96554
95444
94057
92948
92935
94139
95466
96600
97359
98827
100336
100350
100750
101068
101776
101873
102732
102442
102595
103527
103347
103295
103194
102963
103215
104166
103935
103529
103616
103343
103605
104337
103783
103287
103627
103152
103881
103274
103414
103823
103592
103692
103500
103364
103446
103786
104143
103555
103893
103671
103755
104170
103865
104229
103877
104547
104587
103323
103887
103566
103476
103701
104071
103640
103938
103818
103658
103673
103071
103077
103138
102777
102588
103027
102888
101987
102172
101621
100760
100231
99686
98454
97457
97412
98328
99005
100188
100992
101410
102083
102808
103090
102568
103528
103490
103400
103056
103442
103959
104052
103678
104369
103651
103606
103403
103734
103810
104351
103646
103769
103807
104307
103992
103986
104647
103947
103707
103779
104008
104299
104354
103936
103916
103959
103726
104024
104183
103904
103255
103835
103437
103274
102790
103491
103330
102458
102266
101214
100408
98680
98667
97997
97721
98561
99379
100549
101193
101352
102346
102957
103065
103079
103003
103850
103578
103344
103937
103053
103968
103987
103558
103950
103381
103682
104112
104533
104224
104917
104626
104079
103479
104273
104100
103842
103652
104315
104333
103624
104410
104337
104967
104257
104128
104309
104128
104234
104210
103972
104402
104268
104217
104051
104324
104458
104256
104170
103864
103728
103936
103824
103579
104332
103557
103561
103709
103126
102782
103212
102412
102844
102422
101607
101571
100868
100589
99600
98557
96924
95684
93747
93762
93515
94513
96741
97971
99713
100252
101381
101171
101877
102767
102974
102537
103431
103620
103682
103420
103539
103812
103445
104036
104307
104286
104172
104204
104716
103738
103809
105015
104396
103850
104350
104476
104434
104404
104817
104511
104220
104400
104444
104315
103817
104331
104290
104469
103993
104718
104219
104845
104172
103434
104065
104088
103654
103921
104387
103279
103408
103661
103464
103574
103087
103219
103167
102696
102723
103212
102109
101925
101343
100816
101157
100409
99729
98204
96595
94973
93674
92582
91569
92310
92607
94836
96392
97945
99356
100415
101234
101964
102053
102455
102665
103398
103366
103351
104335
103118
104036
103859
104060
104188
104031
104217
104793
104666
103688
104151
104830
104244
104451
104565
104827
104853
103887
104532
104332
104835
104659
104780
104756
104773
104621
104432
104856
104432
105081
104705
104844
104396
104767
104909
104717
104653
104541
104922
105081
104856
104246
105009
104656
104882
104518
104811
105000
103460
104889
105006
104726
104315
104647
104804
104701
104698
105110
104417
104513
104645
104216
104582
104577
104062
104412
104371
104603
104953
104408
104665
104531
104315
104424
103997
103621
104184
104009
104353
104602
104471
104689
104081
104011
103613
103865
104101
104253
103734
104003
103974
103346
103777
103873
103495
103715
103649
103125
103208
103069
102021
102930
101791
101270
99500
99644
98219
96085
94804
93222
91738
91020
92223
93450
95071
96404
98303
98868
99609
100488
101335
101276
101651
102030
102156
101606
102617
103191
102803
103417
103042
103576
103626
103442
103306
103488
103764
103956
103896
104322
104159
103959
103992
104125
103739
104062
103925
104256
104265
103777
104142
104522
104050
103941
104178
103605
104048
104281
103752
103704
103043
104125
103171
104001
104152
104114
103853
104111
103598
103843
103560
103948
103565
103407
102996
103218
103394
102672
103252
102564
102211
102706
102230
101621
100216
99769
98435
96792
95531
94027
93416
93336
94563
96325
97447
98721
99478
100756
100814
101797
101818
102944
102518
102623
102768
102892
103162
103362
103479
103002
103002
103999
103941
103518
103470
103686
103816
104024
103392
103819
103748
103897
103990
104471
103898
104041
103819
103272
104030
103741
104097
103903
103295
103888
103648
103644
103410
104065
104037
103922
103632
104118
103879
103401
103727
104125
103443
102857
103188
103438
103294
103086
103615
102769
102505
102909
102670
102317
102009
101592
102002
102033
102118
101264
101438
100710
100600
100318
99833
99422
99827
98675
100791
101033
101508
102493
102711
102332
103116
103386
103079
103220
103485
103119
103287
103523
103380
103888
103432
103461
104071
103766
103741
103510
103410
103853
103322
103298
103986
103674
103663
103422
103230
103252
103056
102645
102843
103140
101938
102193
102958
102582
102265
101976
101695
101678
102041
102264
101722
102127
101935
101751
101892
101238
100794
100359
100584
99369
99357
98923
98946
99892
100188
101235
101623
102071
102136
102453
102926
103282
102897
103376
103283
103635
103456
103266
102806
103011
103642
103218
103437
103866
103164
103188
102980
104190
103252
102781
102822
103796
103582
103755
103030
102744
103354
103655
103166
103980
103484
103399
103362
103416
102568
102852
103876
103938
103217
103390
103140
103694
103595
103042
103578
103083
103404
103415
102639
103348
103226
102819
103296
102874
103461
102598
102394
102636
102769
102428
102252
102567
101312
101487
100480
100125
99094
97930
97466
96825
95678
95458
95640
96593
98048
98873
98730
99518
100021
100638
100303
100738
100844
101207
101353
101959
102146
101528
102411
102196
101911
102407
102645
102402
102752
102584
102532
103025
103072
102930
103714
103008
102901
103167
103215
103051
103418
103293
102876
102531
103093
103512
103037
102880
102818
102595
103191
103483
103205
103259
103084
103222
102550
102988
102950
102615
102169
102552
102850
102332
102166
102148
102022
102444
101933
101361
101440
101342
100481
100978
101069
100471
98690
98517
98345
96544
95090
93551
91549
91395
90792
91936
92368
94414
96349
97234
98351
99152
100036
100261
100928
100885
101564
102118
102295
101788
102017
102218
102701
102956
102487
102704
102275
102901
103137
102913
103517
102373
103316
102915
102628
102656
102803
103315
102629
102986
103434
103175
102920
103065
103380
103043
103456
103219
103649
102855
103117
102879
103028
103045
103451
103137
103280
103320
103394
103070
103502
103387
102834
103725
103312
103527
102987
103175
103388
103932
103662
102927
103890
103240
102777
102908
104731
