1459593
1460558
1460555
1459332
1459807
1458778
1463115
1462610
1462422
1464903
1464252
1464116
1462345
1465230
1463198
1466787
1464957
1463457
1464002
1465723
1463557
1464295
1465154
1465665
1464589
1464832
1462724
1464298
1464721
1465245
1463961
1466085
1464826
1463218
1465102
1466654
1464061
1467056
1464290
1465595
1467281
1467224
1466360
1467551
1466349
1468488
1467002
1467943
1467337
1463439
1465056
1465885
1466534
1467337
1464622
1466779
1465641
1466601
1466900
1463781
1465852
1464226
1465356
1466311
1467003
1464508
1465216
1463739
1463455
1463512
1464925
1461535
1462011
1460918
1460209
1456037
1454459
1452932
1449787
1453073
1454171
1456143
1457953
1461400
1463870
1464140
1465827
1465462
1465697
1466281
1465784
1466834
1468654
1467893
1468499
1469232
1470285
1468625
1468639
1469640
1467441
1468871
1470038
1470019
1469024
1472629
1471357
1471475
1469967
1471860
1472182
1472474
1472810
1472564
1470222
1472239
1471591
1471489
1472561
1471096
1473531
1472463
1470538
1472477
1469936
1473063
1470659
1473408
1474334
1474827
1471099
1472419
1472174
1473646
1471041
1470609
1469170
1470951
1472625
1469928
1470444
1472202
1470093
1471611
1469814
1470095
1468389
1466864
1466669
1464875
1460438
1460290
1457925
1455961
1455849
1456275
1459268
1463549
1466701
1469011
1467995
1469382
1471300
1471832
1471835
1472399
1474421
1474928
1474333
1474457
1474035
1474039
1475364
1474839
1475866
1473629
1477295
1475985
1477202
1476940
1476004
1479781
1477556
1477084
1477627
1476678
1476729
1477833
1476710
1478565
1476300
1475492
1476557
1477102
1477607
1478339
1478384
1476549
1476324
1476503
1476818
1478366
1477275
1477881
1476027
1477059
1478151
1481975
1478308
1475506
1476422
1479268
1477815
1479230
1479864
1477556
1478041
1479810
1478087
1476818
1475955
1478515
1477024
1478168
1476605
1476117
1477313
1476304
1475105
1472946
1475741
1475813
1477493
1477883
1477711
1479620
1478054
1479176
1478764
1477846
1479855
1482278
1481220
1480951
1481705
1481265
1479504
1483563
1481073
1481359
1480475
1479145
1482078
1480365
1481951
1481236
1478896
1482878
1481143
1479724
1480440
1481853
1481512
1481132
1480985
1482593
1485200
1482388
1482376
1482997
1481509
1480964
1482469
1479779
1481438
1482547
1481542
1483390
1481989
1481293
1481312
1481230
1481745
1482773
1478648
1480445
1476481
1478866
1479907
1478816
1479133
1479843
1481548
1483116
1483713
1484685
1482289
1483953
1484366
1485252
1482345
1483827
1481868
1484366
1485736
1485202
1485293
1483651
1481716
1483516
1483282
1485160
1482535
1486111
1480825
1484489
1483065
1485626
1483783
1480740
1486065
1485714
1486941
1483537
1483749
1486684
1486796
1486130
1484646
1484819
1485763
1484761
1485215
1486646
1483645
1486358
1484803
1484348
1485946
1486111
1483115
1485915
1484327
1483222
1486126
1485114
1483636
1483521
1485996
1484624
1484508
1483828
1482115
1482555
1481949
1482805
1480064
1478858
1476505
1476244
1473498
1469515
1467094
1466215
1467509
1469935
1472911
1472815
1476341
1477322
1477599
1481222
1481990
1483100
1483882
1484138
1485269
1487245
1483865
1481918
1484835
1485532
1483391
1483877
1484242
1485545
1486358
1485729
1486583
1486752
1486668
1484543
1487252
1485090
1488154
1487326
1485693
1485198
1485199
1484653
1484819
1483946
1486465
1486588
1485194
1485743
1486173
1485928
1486346
1486371
1485265
1486763
1486713
1486427
1485422
1486491
1485239
1486267
1485815
1486024
1485554
1483981
1484729
1487881
1483542
1485977
1486041
1483600
1482747
1483785
1480881
1480782
1478518
1478226
1476057
1474358
1470196
1469186
1467001
1468050
1470518
1473148
1476883
1476491
1477967
1480174
1480138
1481289
1483109
1483875
1484055
1483481
1484943
1484104
1484340
1484150
1483934
1485949
1486168
1487155
1484216
1484789
1486203
1483499
1484859
1484825
1487298
1486052
1486273
1486215
1482564
1485134
1483441
1485216
1485632
1485564
1484391
1486194
1484658
1483687
1485748
1486812
1486167
1485129
1483665
1484048
1483945
1482561
1483855
1486112
1484432
1485252
1484680
1485918
1483919
1483805
1485045
1484629
1481522
1486920
1485161
1485405
1483752
1481742
1482393
1483777
1480143
1480593
1482440
1480975
1482137
1461167
1478105
1480477
1478183
1477190
1479860
1479181
1480411
1479840
1476787
1478240
1478014
1479877
1477898
1477494
1479146
1478068
1477668
1479408
1478835
1481826
1478857
1478587
1480730
1476857
1478823
1477420
1477505
1477034
1477615
1476589
1478045
1477412
1476655
1478058
1477328
1478896
1477536
1475770
1478799
1476502
1474976
1477085
1476253
1476370
1475129
1477061
1476752
1477409
1476708
1475482
1475377
1476873
1476511
1475111
1475322
1473561
1474612
1472389
1473363
1474694
1470144
1469003
1469861
1469944
1467317
1462724
1461600
1458135
1458297
1457576
1458003
1462146
1462799
1466933
1468102
1466867
1470118
1469525
1470315
1470878
1471261
1471077
1472270
1473631
1474256
1472687
1473130
1471801
1473615
1472903
1473137
1470359
1474965
1473912
1471768
1472546
1473702
1471402
1472976
1471662
1469918
1470268
1470702
1474839
1470505
1472481
1470262
1471655
1469273
1471285
1474325
1470347
1471297
1470924
1472405
1471659
1474495
1469370
1471806
1469174
1469847
1470102
1470198
1469424
1470304
1469935
1470775
1469841
1470312
1470589
1468377
1468554
1466725
1467854
1464810
1465660
1466226
1462349
1462645
1460298
1458044
1456341
1453854
1449017
1448041
1449676
1452925
1455375
1456827
1458735
1461405
1461604
1464827
1465211
1467135
1464478
1465282
1465747
1466796
1468716
1466048
1466654
1466728
1468222
1467008
1467830
1464196
1466061
1466892
1466612
1463755
1466134
1466886
1463407
1465478
1466166
1467028
1466786
1468959
1465429
1465271
1465256
1466785
1464600
1465104
1464751
1464595
1465893
1465319
1463735
1467772
1465991
1464143
1463826
1465020
1465844
1463268
1463964
1465042
1464608
1464127
1463897
1464563
1464813
1463697
1466553
1464542
1462025
1461370
1462745
1461638
1463386
1461605
1461357
1462578
1462352
1459402
1459458
1459733
1459005
1457690
1457816
1458322
1458759
1458414
1460282
1462000
1461262
1461786
1462005
1459366
1461182
1460310
1461338
1461019
1461128
1462063
1461502
1461804
1463215
1460667
1460184
1461794
1461325
1462699
1461128
1459616
1460379
1461654
1461382
1460675
1456858
1462558
1458623
1458995
1460167
1459525
1459856
1461085
1460020
1460226
1458640
1460094
1461351
1460491
1458778
1459094
1461016
1457932
1459128
1458471
1459203
1458680
1457060
1457958
1457878
1453478
1454440
1453304
1453947
1454573
1455348
1456995
1456899
1456768
1456159
1459174
1460249
1457651
1456760
1457861
1457640
1455690
1459739
1455788
1458417
1457694
1459716
1457275
1458425
1458449
1455807
1457319
1456991
1459468
1456687
1456948
1455122
1457976
1458510
1458272
1455871
1455583
1458575
1454713
1457640
1456662
1456918
1456166
1455896
1458612
1457490
1457209
1458237
1457513
1456803
1455959
1455041
1457455
1456017
1455417
1455218
1454902
1455429
1456164
1454237
1457026
1455316
1456982
1454619
1453342
1454836
1454525
1453793
1453304
1452803
1454709
1451572
1449622
1450154
1448964
1445766
1444938
1441177
1438766
1437932
1436187
1436362
1440655
1443334
1443381
1446990
1449773
1450437
1449246
1451263
1453394
1452016
1455559
1452640
1452576
1453569
1454633
1454227
1454467
1453506
1454973
1454281
1453523
1455758
1455470
1455925
1453723
1454268
1454200
1453365
1452653
1456752
1455359
1453248
1453837
1454947
1455469
1456799
1454619
1457062
1452365
1454155
1453546
1454750
1455562
1454919
1453681
1454533
1453038
1451979
1454155
1453802
1454379
1451632
1453655
1453503
1455112
1451688
1453437
1455764
1453483
1453991
1452486
1453876
1454129
1450405
1451189
1452852
1450773
1447154
1445347
1444943
1441782
1441194
1438351
1438682
1437379
1438789
1442771
1445404
1446496
1447582
1448729
1451450
1450714
1451372
1453015
1452132
1452930
1452648
1454642
1453641
1453443
1453616
1455564
1455298
1455279
1455284
1453361
1455695
1454907
1453611
1454881
1454278
1456205
1453820
1456624
1455370
1454785
1453535
1456135
1453919
1456355
1457139
1455463
1456379
1454856
1453661
1456139
1455867
1454940
1454196
1455363
1453770
1456714
1455656
1454757
1456051
1455810
1455178
1455344
1456688
1455439
1456623
1455564
1456786
1457979
1456211
1458668
1456139
1457827
1459211
1456842
1456099
1458195
1456370
1457824
1455873
1454131
1452007
1454161
1454523
1451902
1451536
1453493
1478827
