1052927
1054397
1054176
1054370
1053966
1054436
1053299
1055846
1054174
1053426
1055905
1054826
1053703
1054605
1054876
1055524
1053639
1052828
1057377
1054888
1054211
1056546
1055724
1052854
1055835
1057383
1056483
1055634
1055086
1055942
1053828
1054624
1054808
1056320
1055575
1056253
1056082
1056335
1056490
1054698
1054075
1056590
1056927
1056479
1055489
1056291
1056217
1056447
1057533
1055073
1057427
1058054
1053863
1056059
1055403
1055259
1055813
1056847
1054451
1056426
1054424
1055808
1054523
1054063
1051920
1050148
1049766
1046137
1042392
1041817
1036780
1036654
1036342
1037707
1036904
1040226
1038840
1041008
1039170
1040225
1044094
1045893
1046206
1051284
1053740
1053570
1054833
1055738
1055610
1056965
1058109
1057991
1056489
1058287
1057393
1058433
1058807
1060337
1058104
1059538
1059184
1058938
1060306
1062261
1058601
1060244
1060372
1060872
1062706
1061898
1060928
1061935
1062425
1062073
1061223
1060866
1061947
1061998
1063345
1062670
1062974
1061803
1062202
1061455
1062255
1062777
1063159
1063373
1061225
1063146
1063423
1062857
1063061
1063004
1063457
1063909
1063050
1061160
1063132
1065272
1060828
1062187
1061907
1060759
1060377
1061240
1059183
1058224
1056700
1052725
1052374
1049298
1049524
1051478
1052465
1052962
1054374
1057175
1059185
1059147
1061984
1063364
1062202
1064982
1063782
1064389
1065221
1067458
1064396
1066648
1065980
1066627
1064975
1066804
1065377
1066013
1067041
1068005
1069179
1066949
1066710
1067572
1069168
1067356
1069472
1070450
1068112
1068862
1069350
1069265
1066787
1067472
1069014
1069388
1067406
1069073
1070115
1069088
1067002
1067287
1069134
1068756
1069908
1069817
1068130
1068372
1068861
1070335
1068794
1069693
1068263
1068289
1069281
1069572
1070772
1069037
1070088
1069448
1068975
1069631
1067765
1069396
1066679
1066490
1067575
1066424
1062010
1061017
1056904
1056061
1056233
1056582
1060667
1064641
1064565
1065806
1067704
1067470
1067304
1069261
1068602
1068710
1071216
1071995
1070020
1071807
1072751
1073290
1072427
1072290
1073520
1071268
1072122
1072761
1071489
1072975
1073392
1071981
1069734
1073162
1072335
1073700
1073792
1072196
1073617
1072553
1073253
1074203
1074084
1074898
1073995
1073305
1076517
1074286
1071432
1074323
1075200
1073055
1073259
1073125
1070938
1072199
1069988
1069696
1067079
1064325
1062793
1062501
1062368
1063340
1065924
1066780
1069039
1069969
1071257
1073061
1075224
1074197
1073815
1074498
1076338
1073868
1076212
1074706
1075800
1075421
1076156
1078821
1076777
1076351
1076600
1075748
1075949
1075633
1078104
1078773
1075871
1077312
1076493
1075813
1076135
1076078
1079340
1077822
1077980
1076344
1076660
1078971
1077046
1078372
1077901
1078137
1077496
1077726
1079291
1078346
1078730
1078598
1078236
1077657
1078152
1079686
1078380
1077996
1078527
1075943
1078056
1077585
1077859
1077440
1077009
1076916
1077408
1075080
1077579
1075180
1076029
1075365
1070830
1069239
1069215
1068511
1067144
1066014
1065186
1066006
1063849
1064410
1067214
1068182
1068821
1072423
1074498
1074335
1077837
1076644
1076275
1080216
1077443
1078020
1077607
1077873
1078719
1076387
1078592
1078596
1078451
1079041
1080079
1078158
1080506
1079721
1079355
1079242
1080811
1079400
1080886
1080348
1080424
1079033
1079586
1080557
1080395
1081333
1081259
1080102
1079969
1078632
1079356
1081356
1078605
1079892
1080630
1081023
1079052
1080061
1078465
1079660
1079329
1079558
1079316
1078044
1080417
1078767
1078041
1077848
1079006
1076951
1076719
1076392
1077141
1072395
1071085
1070726
1069307
1066410
1063148
1063246
1062691
1062690
1062189
1063748
1060817
1060411
1057808
1058210
1059018
1059847
1062801
1066398
1069298
1070574
1072569
1073215
1076257
1075230
1076179
1077228
1077490
1076758
1078753
1077377
1077112
1078994
1077680
1079255
1077659
1076696
1078658
1079117
1079874
1079918
1079033
1082414
1079206
1080286
1080411
1079505
1078203
1078648
1078799
1080124
1078238
1078705
1079075
1080953
1078060
1081126
1080157
1079932
1078052
1079500
1080005
1079604
1080062
1081572
1080290
1079029
1079810
1079419
1079796
1077716
1077385
1081040
1080441
1080596
1079151
1079742
1077642
1080349
1077696
1054102
1073945
1073458
1074657
1074017
1073935
1074614
1074153
1075009
1075793
1071750
1073156
1075773
1073732
1075231
1073183
1071717
1073428
1073456
1071745
1072254
1073265
1073338
1071916
1071754
1072863
1073025
1072757
1072984
1071642
1071743
1072319
1072326
1073064
1071121
1072249
1070695
1071957
1071971
1074051
1070276
1072830
1069084
1069891
1069362
1069376
1067759
1070221
1069512
1067157
1069208
1067477
1065032
1067797
1063447
1063672
1063389
1060131
1060831
1056922
1056872
1052161
1049892
1046640
1046565
1048318
1047892
1049577
1047625
1050575
1050372
1052088
1056229
1056167
1058302
1062525
1061126
1063386
1062353
1064291
1064491
1066119
1063521
1065613
1065893
1068116
1065558
1065779
1067949
1065545
1066340
1066158
1065320
1067978
1066230
1066827
1066571
1066088
1067559
1069628
1068570
1066411
1066250
1065408
1066830
1066106
1067333
1066070
1064496
1066120
1065029
1067138
1067001
1064728
1064274
1067040
1064393
1065813
1065017
1064723
1066006
1064020
1064751
1064516
1063667
1064972
1063697
1064840
1063692
1061252
1062595
1062692
1062957
1062437
1060741
1060186
1060297
1058345
1056444
1055307
1052232
1049859
1049520
1049425
1045998
1047800
1046342
1049201
1051058
1055555
1055672
1056504
1058886
1058707
1058588
1059316
1059270
1061687
1061500
1062837
1061159
1060307
1058601
1060106
1059598
1060517
1062704
1060984
1060434
1062023
1057602
1061136
1060029
1059718
1061902
1061855
1060044
1062024
1061741
1059544
1059709
1058292
1060058
1060334
1058978
1059461
1058465
1058597
1056569
1059604
1059258
1058584
1057083
1059110
1058764
1059303
1056441
1055998
1058862
1058168
1058255
1058839
1058554
1058340
1057196
1057614
1055858
1055549
1057370
1056890
1055928
1056098
1054731
1054806
1053581
1053372
1052645
1050842
1049186
1047557
1044251
1043233
1043046
1043952
1045519
1047851
1048695
1051362
1053240
1051835
1051640
1053334
1053307
1052693
1052458
1054313
1052463
1053697
1053315
1053157
1053547
1054037
1053285
1054710
1052729
1051992
1053187
1052150
1053621
1052972
1054432
1051432
1051724
1052813
1053103
1051704
1052590
1053910
1051360
1052149
1052393
1054464
1053142
1051972
1052929
1050606
1051631
1051195
1051014
1049167
1048778
1049360
1049729
1048955
1045930
1047761
1044108
1042049
1042433
1039358
1036820
1037324
1038272
1043483
1043345
1045918
1046423
1045230
1045815
1047160
1049997
1049817
1050134
1048778
1048413
1051015
1049875
1051167
1050145
1049892
1049027
1050142
1050728
1050035
1049465
1050105
1049210
1048432
1048353
1049928
1051434
1049515
1048533
1046870
1051103
1049063
1048459
1049353
1049530
1049646
1049829
1049326
1048429
1050128
1050707
1050671
1049723
1047257
1047232
1049379
1046874
1049016
1048459
1049727
1049240
1045417
1049227
1047596
1046129
1048523
1049186
1046853
1047400
1048845
1047240
1046338
1045101
1046748
1046410
1045323
1043469
1043080
1040167
1039408
1037029
1035746
1032639
1033284
1035882
1036186
1033862
1034782
1036354
1038407
1040059
1041376
1040939
1043996
1045739
1044569
1044777
1044697
1044202
1043664
1044928
1047276
1046094
1049585
1046166
1047524
1046413
1046612
1046610
1045085
1047488
1047362
1047671
1044537
1047660
1045673
1047302
1047216
1047710
1046484
1046777
1045963
1045922
1045796
1044564
1045609
1047181
1045996
1046530
1045718
1046963
1047064
1045935
1047052
1047817
1046616
1045510
1045622
1046743
1046838
1045887
1045043
1044396
1044148
1045153
1044304
1043569
1043719
1044345
1041040
1039746
1039286
1037666
1038892
1037172
1031316
1030417
1029114
1029655
1030127
1028127
1028826
1028099
1028214
1024632
1025231
1028030
1029354
1030334
1034173
1039054
1038320
1038567
1039286
1043957
1042709
1044457
1044316
1043860
1044127
1045262
1045915
1045215
1045298
1045463
1046210
1047079
1046999
1047243
1044422
1046677
1046278
1046431
1045300
1046748
1046891
1048391
1044091
1046738
1047992
1046057
1046111
1046991
1046612
1047164
1046607
1048401
1046536
1050438
1048509
1048873
1046981
1047949
1047652
1049940
1047868
1047937
1049069
1048479
1048240
1047713
1049007
1050477
1045055
1048307
1047135
1048071
1048625
1048043
1047964
1049548
1049303
1049725
1050438
1047861
1049271
1048723
1048378
1074133
