1508536
1513487
1513310
1512875
1512029
1514563
1515703
1512369
1511033
1512236
1513761
1515182
1515094
1512986
1515229
1512415
1514119
1514174
1513573
1514908
1511999
1515009
1514172
1514383
1515807
1515349
1515384
1512877
1512673
1514795
1513886
1514578
1516231
1513169
1515103
1514150
1517082
1513915
1515869
1516726
1514616
1516945
1515992
1516497
1515462
1515988
1514291
1515922
1515773
1513986
1514201
1516140
1514049
1515293
1516251
1516391
1515539
1515741
1514343
1513144
1512579
1510714
1509497
1510199
1508409
1502653
1496866
1494171
1487243
1480448
1478476
1475532
1479908
1483367
1489571
1494182
1499668
1505389
1506382
1509757
1511663
1513340
1517242
1516387
1518218
1520026
1519469
1520281
1516925
1520380
1519862
1519688
1519677
1521947
1520077
1521086
1522679
1525398
1523300
1522528
1521479
1523957
1522156
1523970
1523831
1525010
1525268
1523210
1525925
1525312
1524758
1527608
1528003
1528454
1526028
1524867
1526741
1525390
1528748
1527882
1527082
1526007
1528540
1529517
1526502
1527620
1528275
1527040
1529492
1528783
1525433
1525574
1530682
1528479
1529227
1528334
1531522
1530885
1527419
1527319
1527667
1528859
1528920
1524609
1525366
1522693
1520981
1515604
1511475
1510954
1508118
1508315
1510515
1513380
1519429
1522347
1523587
1526908
1528128
1528207
1531151
1530127
1531083
1530361
1531011
1534996
1532768
1532957
1534295
1533617
1535837
1536197
1536130
1534427
1534096
1536374
1538180
1537509
1536478
1537295
1538441
1537923
1535879
1537165
1537349
1538640
1537125
1539397
1536634
1535454
1538698
1539166
1539978
1540123
1538007
1542780
1539857
1541154
1538000
1541514
1539401
1536449
1540672
1541817
1541866
1541749
1541359
1539684
1539677
1541926
1539469
1541113
1541562
1542373
1540034
1541412
1538821
1540120
1540268
1539593
1538666
1540659
1539948
1536646
1537099
1533452
1532854
1528533
1525273
1524286
1523140
1522140
1528261
1534582
1535503
1536234
1536963
1539115
1543768
1543300
1543165
1544637
1546300
1542512
1545066
1547222
1545300
1547474
1546599
1545319
1545095
1546483
1545601
1546582
1547862
1546569
1544570
1548864
1546796
1547018
1546732
1545184
1547895
1547320
1546234
1545752
1545958
1548103
1548186
1550756
1547981
1548487
1548962
1548363
1548323
1547922
1545511
1547588
1548488
1547027
1547902
1546574
1545745
1543978
1539077
1540587
1535955
1535425
1532714
1532264
1533981
1537976
1541531
1544536
1545305
1549089
1549306
1552292
1552539
1552806
1552275
1554143
1551772
1550095
1555019
1553218
1553423
1552579
1557411
1555051
1552907
1553667
1551870
1553241
1555057
1555779
1555270
1555881
1557300
1554490
1555775
1554832
1556440
1556758
1556036
1554818
1555484
1555638
1555344
1556295
1557165
1554271
1558702
1556274
1558813
1558891
1556297
1557495
1556659
1556468
1557648
1557740
1557103
1555536
1556976
1559049
1559165
1557183
1558175
1554592
1558212
1553388
1556410
1556029
1557171
1558217
1554781
1555393
1552573
1551340
1552922
1550865
1550647
1545660
1543130
1539239
1534768
1531493
1532527
1535658
1539566
1544371
1546361
1549519
1553076
1552628
1553787
1554004
1557213
1557899
1558539
1558368
1559768
1559562
1559958
1560925
1561893
1560918
1559254
1559555
1558867
1562473
1559140
1562197
1560288
1560959
1560261
1561794
1558933
1560232
1561140
1559247
1559762
1561405
1559734
1562425
1561242
1562723
1559573
1560633
1560235
1561413
1561176
1561429
1559426
1560551
1560729
1559477
1560477
1560915
1558806
1562846
1559984
1563427
1561755
1557785
1562746
1559731
1557878
1559375
1556837
1557699
1558183
1556943
1553010
1555741
1555598
1553486
1551799
1548376
1545151
1540628
1535036
1527684
1521843
1517289
1517205
1515287
1521264
1526258
1533703
1539350
1543922
1549478
1551102
1551402
1555394
1555400
1556517
1555527
1558319
1557435
1558512
1558340
1559218
1559019
1562028
1559865
1559279
1561367
1557113
1561214
1560572
1560638
1562636
1561398
1560809
1561398
1562747
1562570
1558986
1559847
1560650
1561083
1558497
1561465
1558537
1560533
1561725
1560493
1560665
1560675
1562355
1560771
1560086
1562856
1562045
1559645
1562428
1560029
1560706
1561175
1557425
1562313
1560486
1562210
1560633
1558289
1558807
1561509
1561798
1512614
1553853
1550929
1550605
1551415
1555054
1551981
1551057
1553174
1551541
1553790
1549618
1551097
1550748
1549787
1549867
1548912
1549967
1549688
1552237
1548559
1550600
1547146
1549341
1548940
1548305
1548050
1549063
1549016
1550417
1550264
1547321
1547835
1547060
1546327
1546506
1545306
1547272
1545338
1544745
1545225
1544206
1547223
1545059
1543372
1544439
1544258
1543201
1541408
1541874
1539825
1540082
1539057
1537260
1536591
1533868
1532228
1527178
1522428
1517649
1511019
1502906
1498444
1497202
1500920
1505324
1513971
1517134
1521351
1525988
1531949
1532473
1533739
1534931
1536405
1537319
1537314
1538140
1538957
1540318
1539310
1537883
1538659
1538975
1538243
1538564
1540196
1538267
1540369
1541231
1538379
1540172
1540512
1540023
1537340
1537944
1540243
1537098
1537271
1539737
1536381
1538154
1536259
1541446
1535464
1536373
1538075
1537362
1539275
1536195
1537629
1538089
1536795
1534535
1536510
1535523
1535027
1535728
1535442
1536410
1534819
1534669
1534631
1534766
1533703
1535957
1532740
1533128
1532835
1532309
1530282
1531327
1532404
1526862
1527804
1526831
1524225
1521722
1519205
1516564
1509053
1508401
1505545
1506594
1509052
1510471
1518283
1521936
1522933
1522607
1526746
1527666
1527662
1527317
1528100
1528670
1528389
1526618
1525944
1528818
1528767
1528561
1527624
1528919
1526264
1528957
1524794
1528972
1528364
1528277
1527316
1527001
1528246
1527845
1525909
1526698
1526543
1527941
1528125
1528721
1525230
1526847
1525557
1521484
1526802
1523799
1525559
1525644
1523529
1522693
1524043
1522192
1523394
1522257
1521674
1523615
1521665
1524040
1524017
1522778
1520830
1521676
1520647
1520348
1523776
1519332
1517702
1517787
1518869
1519471
1518151
1519300
1517707
1516785
1512399
1515624
1513961
1512343
1508509
1508496
1500543
1499880
1497541
1501732
1504529
1507173
1508836
1513391
1512639
1514382
1512371
1514576
1514784
1516686
1515765
1514639
1516022
1515403
1515094
1514827
1515103
1514810
1514195
1513905
1514505
1513590
1511623
1515249
1510292
1514190
1514349
1513850
1513116
1512472
1511738
1511791
1511741
1511257
1511284
1513724
1510114
1512776
1511543
1511639
1512012
1510591
1511701
1512783
1510013
1509995
1505102
1508439
1507521
1508649
1504504
1504336
1502228
1502828
1497525
1495739
1493177
1492623
1490869
1495663
1498229
1500099
1499123
1503366
1503703
1505906
1506262
1507169
1505276
1507497
1508154
1507859
1507190
1508182
1507199
1508992
1507856
1508606
1508114
1505912
1509357
1508851
1507060
1508729
1507572
1505263
1506318
1505251
1505425
1506036
1505516
1506782
1509098
1507041
1509398
1506781
1506631
1507704
1506137
1505645
1506043
1505841
1504918
1506434
1505738
1506781
1504518
1508879
1505168
1503935
1503979
1506520
1505292
1505693
1506372
1506023
1504416
1503310
1503361
1503027
1502737
1502531
1502451
1505312
1502341
1504005
1501478
1497179
1501381
1497829
1495242
1494168
1489697
1488980
1485594
1484527
1480503
1480584
1481215
1483696
1486503
1491912
1494720
1494684
1498690
1500207
1498232
1500364
1498726
1499533
1500070
1502449
1501886
1501703
1499924
1498563
1501631
1504222
1500928
1502044
1502326
1500989
1501279
1501773
1501272
1501009
1500117
1501370
1501366
1499627
1500957
1499668
1498543
1500928
1499468
1500911
1501342
1501246
1501386
1499557
1502823
1497932
1498732
1498325
1500948
1501984
1500681
1502326
1496370
1500259
1501603
1498273
1498672
1501131
1499099
1501284
1498597
1499022
1498846
1499127
1499083
1496034
1496069
1496119
1495479
1495965
1494305
1489569
1488531
1485779
1486470
1479604
1473757
1465556
1460682
1458554
1459169
1462322
1464861
1471551
1475766
1481765
1484022
1488167
1489625
1492880
1494540
1492834
1494336
1498322
1496639
1495963
1497243
1496149
1500159
1496791
1498783
1498910
1498200
1502085
1500749
1501091
1502346
1499893
1499829
1502194
1500380
1501495
1501222
1502088
1501309
1502454
1500046
1500469
1502228
1500834
1502516
1503158
1504218
1502102
1499891
1503199
1500232
1502819
1503312
1500958
1502859
1504134
1502958
1504314
1503957
1502649
1502180
1504346
1502003
1503674
1501891
1502152
1504120
1503732
1505380
1503822
1503490
1503389
1501734
1504056
1501892
1503977
1552340
