257311
257302
256499
256653
255922
257342
256823
256575
255985
256104
257302
257154
256872
256375
256738
256824
256366
256332
257106
257197
255733
256775
257443
257363
256906
256752
256935
257107
256899
257358
257902
257229
256193
256960
257056
256614
256854
256673
256308
256839
257257
257882
258111
257431
258362
257037
256149
257210
256689
256989
256654
257971
257683
257023
257383
257429
257119
257212
257711
258172
256780
256023
256797
256677
256571
257325
257425
257289
256286
257581
258113
257323
256890
256449
257694
257746
257420
258500
258038
257333
257004
258117
257648
257312
257468
256636
257777
257524
257466
257603
257930
257252
256846
258445
257896
257789
256822
256490
256787
256998
256713
258512
256570
257678
257706
257667
258250
257591
258004
257426
258979
257567
256757
257637
257307
257978
257595
257823
256997
257373
257734
257104
258641
258352
257599
258643
256462
257900
257517
257511
258228
257565
257514
258204
258360
258272
257127
258520
257863
257831
258359
258038
257286
257786
256929
257741
257414
256936
256943
257246
257976
258140
257518
258029
258869
257445
257476
257968
257529
257695
258329
258113
258665
258012
258525
257845
257894
258184
257466
257259
258833
258841
257823
258525
256256
258537
258545
257666
258931
257697
258480
258058
257426
257496
258386
257921
258625
258057
258308
257780
258742
257641
257989
257653
257196
258272
259028
258037
258795
258691
258896
258459
257977
258200
258264
257508
258221
258233
258128
258658
257535
258839
258944
258705
257368
257390
258933
258613
258167
258502
258001
258381
257634
258590
257869
258950
258197
258182
258505
258027
258545
258695
258331
257964
258830
258354
259454
257708
258584
258547
259198
258204
259097
258573
258896
259276
257927
258104
258309
258187
259112
259541
258209
257685
258358
258088
259435
257636
258559
258785
258999
259223
259281
258897
258677
258533
259085
258974
257675
258716
258370
258728
258592
258425
259344
258113
258610
258767
259453
259098
259047
258486
259174
258900
259513
258809
260034
258976
258630
258553
258627
260098
258512
259265
258956
259199
258941
258515
258404
259581
258260
259724
258660
259900
259107
258188
258350
258808
258578
259384
257929
259424
258953
259578
259292
258925
259461
258506
258739
258408
258215
257757
258533
257845
257775
258788
258975
259069
258763
258835
259233
259751
259132
259031
258899
259132
258945
258286
259513
259419
260365
259515
259224
259707
259923
257959
259345
258549
259575
258815
258235
259613
259706
260500
259072
259373
260015
259007
259013
258711
259518
259519
258536
259098
259073
258670
258536
259178
258353
259125
259582
259067
259258
259336
259448
258939
259612
259046
259262
259227
259216
259658
259101
259407
259245
258358
258873
259109
259950
259311
259405
258509
260081
260369
259736
259751
258700
258684
259727
259183
258883
259142
259056
260255
259297
259383
259856
259630
259260
260265
259621
258574
258991
259828
259566
259114
259015
259575
259672
259864
259229
258881
258686
259591
259641
259535
259942
257572
259735
259138
259343
259223
259184
258960
258061
259492
259147
259500
259865
260134
259453
260384
258687
259513
260178
258256
259502
258781
258857
258936
258853
258906
259062
259591
258885
258385
260099
260142
259642
259357
258909
260732
258737
259644
259376
259701
260080
259611
259874
259507
258906
260327
258868
259426
258146
259409
258807
260618
259220
259691
259273
259626
258929
259914
259311
258747
258930
258359
259324
258977
258875
258406
259060
259322
258687
259552
257910
258941
258658
259150
258855
258676
259105
259002
258964
259183
258097
259713
258401
259537
258273
256652
257516
258447
258346
258956
257462
258478
257972
258432
257348
258165
256868
258242
257004
258417
256694
257985
257873
257705
258633
258731
257188
258095
258201
258150
257190
258689
257363
258430
257842
258408
257362
257005
257885
259656
258068
257536
258042
257955
257541
257781
257235
258295
257047
257737
258174
257398
257625
257564
258448
257905
257384
258566
258198
257681
258062
257379
257643
257328
257753
257735
257887
257609
257790
258308
257388
257020
257577
257076
258577
257426
257730
257845
258057
258534
257945
257465
256937
256661
258121
257292
257837
258575
257759
258238
256293
257772
257136
256936
256874
257830
256966
257416
257422
257378
257505
257344
258198
257097
257504
256419
257578
257428
257235
258352
257454
257665
257896
257223
257209
257274
257101
256388
257900
258117
257078
257687
257016
257054
257472
258363
258377
257381
257168
257552
257104
257055
257691
257493
257266
257384
257000
256906
257374
257899
256738
256359
256387
257045
256397
255738
256006
256761
256876
257415
258528
256649
257394
257015
257430
256278
256984
258101
258024
257353
257719
256665
256780
257334
256656
256706
257146
257138
256991
256834
256810
257052
257020
255907
257046
256318
256205
256784
256818
256612
256524
256053
256968
256804
257178
257383
255817
256688
256641
256429
256494
255727
256136
256013
257017
256576
256173
255583
256307
257015
256398
256358
256824
256476
255745
256341
256119
256757
256199
256303
257013
256196
256007
256068
255812
256664
256558
256434
256485
255877
256013
256229
255622
256736
255935
256431
256659
256538
256607
257558
257275
255515
256151
256401
255967
257256
257137
256320
255563
256140
256269
256042
256107
256122
257339
256118
255337
255515
255907
256498
255372
255592
256302
255687
255547
256591
256227
256048
255865
256280
256116
256310
257168
256223
255626
256206
256657
256094
255337
256039
255209
255649
255892
255187
255759
256457
256094
255956
255504
255469
256262
255602
256219
256145
255984
256310
255036
256029
254207
256685
256509
255480
255580
256261
255238
255267
254915
256452
254550
254586
256301
255710
255548
256639
255476
255672
256223
256600
255732
256161
256109
255724
254725
256002
256604
255403
254831
255772
256295
255556
256363
254799
254616
255382
254905
254242
256764
255575
255546
255494
255621
254896
255441
255284
255044
254963
255828
255296
256474
256196
254625
255906
255342
255528
256298
255856
254457
254826
255137
256331
255786
254957
255694
254323
255281
256001
256356
254944
254582
255253
255757
255016
254203
255091
256200
254945
255466
255606
254956
254317
254044
254515
255262
254449
254959
255369
255530
255083
254884
254677
255879
255605
255589
254472
255020
255937
254976
255651
255909
256339
255157
255716
255190
255580
255032
254804
255193
255761
255582
255964
256380
254855
255669
255330
255623
255306
254802
255016
255533
255400
254678
255179
255326
255665
254414
255763
255458
255565
255398
254230
255185
255768
256125
255155
255467
255676
255038
254655
254473
254925
254489
256046
256065
255351
255611
254833
254345
255968
255851
255256
255513
255041
255341
254568
254715
255453
255434
255261
255771
255165
255698
254741
255423
255312
255806
255198
255638
255429
255737
255910
254995
255884
255143
255117
255167
254676
255937
255649
255244
255342
255756
254952
255217
255906
254375
255185
255004
254562
256241
255459
255168
255013
255200
256423
255380
255134
255371
255983
255774
255695
255253
256041
255328
254598
255410
255332
254963
254002
254291
254125
254109
253980
256357
254759
255218
254996
256705
255390
254930
255793
255262
255251
255157
255388
255531
255114
256366
258112
