397412
397084
397352
397903
398067
397701
398044
397195
398522
397762
398493
397402
397293
399431
398586
397891
398082
397482
397792
398853
398168
398067
399331
398818
398270
398402
398832
397611
398405
398239
399610
398206
398160
397768
399427
399993
398157
399367
399394
398252
398833
398677
399467
399960
398946
398604
399637
398825
398483
398423
398767
398234
398614
399521
398089
399370
399212
399455
399317
398993
399249
399131
399511
398815
399893
399731
399541
399293
399416
400851
398163
399173
398916
399518
399463
400417
399448
400301
398820
398891
399642
400216
399587
399390
400266
400211
400625
399226
399660
400319
398162
398913
400051
400359
399897
400230
399237
400811
400311
401052
400071
400385
399865
400329
399394
401123
399384
400802
400783
399963
400293
398600
398975
399999
399933
400952
400215
400730
401406
401396
400187
401687
400797
400691
401755
400630
401624
402159
400619
400999
401207
399808
401127
401122
400166
400915
400311
401384
401423
401219
401846
401208
402164
401609
401223
400771
401273
400430
400601
401048
401451
400654
401408
399483
400199
401708
401806
400656
401435
401241
401622
401336
402687
401205
402139
402879
401472
402446
401271
400606
400104
401084
402350
402302
401200
400963
401720
401452
402775
401565
402168
402075
401021
401932
402694
401661
402187
401765
402295
403251
402341
402107
401219
402928
401893
400417
401435
402426
401569
401387
401461
401864
402221
402921
403492
402537
402854
403061
401964
402202
402519
402704
401581
401070
399560
399746
401909
402206
402061
401373
402925
401643
401171
403640
402660
402210
402044
402571
403079
403335
402113
402304
401465
402068
401536
402439
403255
402569
403273
403493
403337
401401
402717
403385
403053
403054
403475
402136
402144
403526
402881
403815
403619
402145
403284
402592
403085
404400
402547
403036
402746
403304
403955
404632
404671
403668
402932
403321
403382
403918
404079
402811
404777
403855
403146
402877
402006
400899
402696
403441
402027
403670
402436
402876
404163
403607
403346
403966
404588
404317
404985
403203
402132
400968
401201
402399
403543
403842
404195
403866
404289
403507
403752
403131
404144
404536
405481
404565
403913
404306
403449
403606
404800
404373
403452
404495
404498
405128
404177
405216
404278
403407
404046
403752
404842
404613
404299
404800
404386
405622
404294
405060
405185
404071
404544
403814
405427
404213
403133
404163
403463
404560
403877
404589
403472
403861
404286
404775
404292
403950
405138
404700
404813
404167
403578
401639
402637
403692
404466
405392
404472
405755
403382
404630
404966
404116
404064
404328
405544
404316
404087
404784
404541
404478
405303
404186
404329
405600
404582
405451
404869
403943
405260
405460
404378
405467
405550
404303
403415
405050
405382
404936
403682
404808
405020
404566
404122
405163
404253
404612
404510
406041
404419
404965
404653
404849
405237
404446
404788
405542
405202
405040
404627
403075
404932
405337
405171
405085
404653
405966
404774
404889
403785
405244
404762
405504
403869
404973
403992
404778
403676
404551
404651
406347
404723
405329
404543
403843
404722
405728
405678
404869
406346
403687
405077
403841
403554
404443
404405
405025
404306
404558
403816
405865
403912
404931
404836
405115
403907
404916
403842
405078
404555
404432
403084
404163
404006
403857
404722
404284
404101
405247
404422
404231
404666
404573
403427
404638
403837
404060
403651
403035
402889
405161
404711
405271
404629
403239
404279
405117
404851
404371
404059
404211
403800
404637
403550
404106
403632
404026
402862
403294
402349
403789
403241
403858
403802
404034
403746
403528
403063
397704
401289
400946
400522
401503
400179
401402
399618
400667
401744
399186
400603
401309
401195
400945
400956
399617
400587
400415
399394
400206
399653
399534
399782
398630
399807
399909
400158
399733
400169
399964
400070
398799
398982
398790
399564
400689
400480
399871
398771
399819
399673
398256
400074
400208
399828
401102
399044
400320
399601
400056
399298
399983
400175
399740
398426
398978
399323
399692
400341
399473
399769
398405
399755
400006
399733
398784
398943
397841
399578
398890
399542
398854
399058
398839
399374
398178
399457
399253
399160
398326
398790
398747
397984
398711
400269
398293
398361
399007
400183
399495
398455
398199
398953
399916
399032
398882
398514
398711
398631
398084
398280
397038
399012
397380
398018
399884
398930
398065
398665
399041
398292
397782
398477
398314
397003
398668
398689
397639
397801
399125
396958
398553
397349
397665
398618
398573
398543
397181
396877
398050
398091
397995
398312
397481
396756
396730
398091
398221
396844
397944
397459
397388
397428
397425
396842
396868
396619
394553
397506
396874
396970
397845
397764
396778
397285
397272
396595
396949
396345
397088
397045
397431
396012
396569
397317
397369
396764
396305
396560
397328
396882
396789
396360
398057
395725
397825
396857
397481
397049
396961
395904
396126
397102
395874
397000
397356
397137
397537
397066
396313
395954
395963
397182
394396
395427
395170
397825
396407
395489
395815
395192
396297
395451
395562
396382
396070
396030
395358
395813
396257
392948
392005
394323
396057
395809
395983
395454
395691
395708
395133
394873
395209
396813
395710
394958
395403
393664
392615
392958
392215
393936
394866
395276
395100
395694
394463
396185
394263
394868
394818
396370
395048
394590
394653
395340
394228
394010
395203
394488
394330
394030
394803
394578
394302
395589
394156
393901
394166
393924
394069
393973
394708
394807
394129
394128
394748
396181
394652
394388
393633
393838
394753
394097
393127
393679
391665
391954
393356
394963
393558
393966
393141
394217
393539
395288
393639
394245
393293
394035
393674
393954
391532
390918
392087
393112
394046
393728
393431
392899
393485
394282
394314
394312
393575
392319
393018
394267
394307
393386
393535
392810
392939
393045
393572
392883
394126
393950
392672
393745
392819
392124
393525
392132
393215
392753
393426
392756
393222
393957
393177
392017
392830
393282
392733
393072
393220
393239
392742
393690
391580
391485
393486
391663
393126
392319
393696
392890
393275
393114
392763
393424
393366
392377
393388
392543
391863
391311
390762
391745
391299
391876
392539
393189
392593
391315
392163
391949
392843
393046
392416
393239
392774
391762
391864
392820
393080
393292
392639
392073
392374
392695
392530
392928
393470
393183
392116
392909
391876
393159
393193
392493
392683
393120
392584
392819
392556
392546
393166
393012
392831
393186
393028
393297
393976
392187
392218
392861
394118
393459
393170
392378
392521
393177
392465
392285
391458
392615
392561
392798
392341
393051
392363
391634
393607
392033
393664
392066
393475
392809
392799
393641
393292
391777
392394
391844
391845
392377
392613
392794
392399
392986
392596
392616
392927
392342
391804
392710
392922
392354
393826
392663
392656
392816
393229
393602
391938
392132
392425
392558
393111
393598
392603
393194
393269
392995
392735
393415
393157
393535
393205
393577
391659
393343
392719
392606
392764
393410
393064
393189
393750
393142
393325
394059
392935
393011
392132
393142
393737
392908
394002
394001
393686
393385
393656
393590
393461
394266
393433
393955
393538
393740
392685
394608
393607
393693
393740
392646
394201
393068
393404
392998
400706
