321593
322066
321626
322635
323230
321682
322432
322783
322530
323281
322378
323492
323504
322901
322925
322408
322812
322866
323398
322711
323641
322789
323005
323554
323026
323329
323470
322803
322251
323125
322738
323884
323398
322999
323336
323910
323256
323180
323936
323180
323378
322435
323452
323946
324008
324029
323184
324108
323911
322688
322911
322927
323802
323345
323103
323126
322672
323875
323327
322929
322720
322378
323453
324462
323917
322439
323684
323380
323372
324022
324314
323984
323339
323378
324023
322855
324421
322862
321762
323213
323649
323738
323064
323829
323984
324563
324583
323688
323272
323401
324250
323202
322993
324462
323747
323906
324504
324092
324086
323408
323901
324431
323852
323744
323793
324433
324191
324501
324701
323687
323779
325632
324122
324139
324725
323702
324612
324018
324163
324717
322517
323926
323725
324430
324150
323532
324013
324567
324013
323386
324113
323599
323623
323879
324155
324859
324275
324559
324074
325010
324114
324628
324675
324142
323569
324311
324147
324695
324510
324672
324786
324132
324463
325077
323818
324042
323796
324124
323919
324384
324659
324374
324340
325730
324732
324479
324624
324986
325165
324952
323883
324574
324318
324579
324360
324151
325385
325020
325701
324875
324319
324288
325206
324851
323796
325119
324316
324392
324850
325191
325368
324986
323666
324579
324962
326055
325040
325297
325401
325668
325325
324262
324769
324916
325710
325398
324495
325488
325550
325009
325582
325164
325392
325177
324949
324992
324786
325097
324433
324596
324045
324276
324422
325191
325504
324461
325775
325350
324367
326128
326035
325618
325165
324916
324880
325731
325913
325101
325364
325579
326282
324765
324210
324918
326641
324530
325101
324901
325787
325203
324727
325317
325742
326023
325616
325059
325107
325000
325159
325055
324750
324873
325936
325894
325035
325466
326226
325077
325523
325476
325738
325581
325678
324968
325957
326129
325082
325769
325435
325310
324510
325306
325585
325203
325092
326000
324627
325556
325960
324812
325925
325706
326017
326065
325213
326324
325250
325892
325515
326551
325435
325306
326759
325443
324875
326566
326521
325379
323687
325144
325991
325874
324719
325415
326183
326418
325127
325690
325173
325210
325540
326605
326517
325792
326663
324249
325429
326202
326094
325976
325984
326229
326251
326239
326453
325549
325821
326326
326368
325934
325880
325742
326516
326017
326388
325900
326936
325846
325585
326290
327688
326027
325138
325887
326222
327356
325736
325831
326289
325027
326051
326842
325266
326217
325961
325565
325486
325990
325550
326009
325358
325310
326015
325986
326116
327283
325851
326888
326080
325589
326216
326532
325725
326222
326624
326243
325390
326091
326960
325944
325829
327322
325686
325428
327089
326919
326692
326931
325908
325707
327241
326193
325082
325968
326142
325968
326509
325834
325512
325319
325372
325820
325610
326519
326417
327203
326706
325710
326134
326299
326235
326123
324674
325367
326653
327783
327074
326038
325667
326076
326803
324992
325394
326116
325602
325149
326534
325873
325531
325123
325175
326357
325043
325395
326308
325212
326139
325819
325041
325059
325194
326275
325453
325682
325576
326543
324936
325382
325457
326064
325802
325081
324602
325746
326044
324878
325187
325572
325688
325983
326667
324870
326384
326172
324949
325000
326475
324925
325415
325483
325916
325851
324598
325552
325846
325452
326259
324115
324549
325540
325194
323989
326013
325426
326213
324448
326088
325567
326197
325449
326065
325194
325033
325341
325509
325393
325032
326224
325977
326152
324210
322386
323596
324000
322801
323028
324011
323513
323805
323810
323166
323926
324095
322774
323138
322556
323363
322968
323342
323127
324116
324221
322563
324008
323173
323651
323130
323880
322349
322523
322327
323542
322054
322920
323505
322405
323885
324735
322793
322391
323843
323057
323146
323267
322030
323357
322607
323549
323051
323104
322419
322732
323030
323405
323778
323208
322091
324189
322959
322254
322997
322673
322914
323255
323427
322606
323412
323053
322895
323125
323852
323034
323023
322751
322737
323507
322495
323421
322613
323111
323193
321420
322820
322681
323243
322961
322428
323381
323203
322971
323039
323216
322546
323073
322974
323685
321626
322900
323043
322422
322401
322751
323020
323557
322674
322129
323973
322114
322783
322537
322527
321927
322936
323622
322533
321776
322643
322518
321410
322162
322466
322070
323274
322064
322272
322852
321974
321496
322599
321883
323350
321808
322321
322613
322140
322546
322399
321697
322249
321838
321949
322128
322588
322081
322148
321502
320955
322297
321461
321006
322092
321897
323089
321437
322445
321759
323538
324194
322434
321617
322103
322079
321697
321014
321742
322334
321674
322247
322882
322387
321794
321344
320596
322182
321319
321326
322077
321009
322369
321822
321121
321286
321199
322097
322720
322102
322006
321117
321614
321744
322255
321285
322495
320315
321608
321271
322353
321939
322030
322383
321849
321762
321262
321389
321197
322219
321739
322518
321044
320304
321032
320452
321539
320720
321644
321587
320722
320950
320982
321456
321393
322271
322511
320796
319546
320946
321556
320641
320859
321357
322465
320758
321374
320978
321753
322311
320984
320774
321783
321080
322294
320949
321506
320783
321578
321298
321344
319710
320855
322113
321276
321220
321581
321100
321374
319994
320982
320784
320790
320161
320223
319987
319953
320611
320484
321305
320722
320501
320624
320384
320341
321484
321013
320154
320501
320231
321254
320934
320804
319853
320696
319541
320222
321066
321007
321354
320904
320552
320484
320585
320651
319577
321530
320599
321327
320639
320213
321372
320117
320683
320491
320032
320034
319820
320956
320247
320077
320361
320200
321030
319935
319956
319755
319895
320589
321645
320067
319971
320896
319827
321146
319437
320239
320719
320151
320162
319875
320054
320483
319604
319601
319799
319823
319636
320034
320974
319349
319534
321028
320281
321200
319483
320566
320479
320863
320027
321223
319175
320169
320212
320542
320150
320753
319957
319760
320538
320618
319101
319287
320487
319624
320598
320501
320151
320324
319660
321292
319341
319742
320023
320545
320717
321034
319652
318294
319529
320644
319265
320149
320412
320719
320261
319677
319482
321311
319129
320951
320265
320195
319859
320541
318529
320363
319688
319851
318596
320185
319913
320341
319611
320452
319805
320829
319602
320553
319399
319596
319985
320033
319794
320251
321736
320163
320167
320906
321345
320386
319272
320379
320317
319154
320769
320873
320054
319825
320068
319683
321213
320113
320544
319361
319010
320064
320073
320522
319282
320353
319747
320399
319543
319573
319402
319314
320362
319809
320347
319828
319594
319202
320326
319829
320706
319717
319760
319723
319979
319614
320428
320834
320981
319586
319900
319661
320913
320335
320300
318915
320370
320120
319131
321045
319915
320987
319838
320073
321064
321005
320629
320288
320160
320440
320703
320762
320325
322057
319762
320237
320109
320233
320438
320186
320079
320315
321760
320148
320371
320622
320953
320470
320998
320994
320897
320853
320066
320868
320366
320276
321314
319998
320877
320390
320683
321409
323566
