29528
29250
29547
29191
29561
29292
29697
29297
29501
29052
29451
29154
29329
29491
29382
29207
29279
29558
29314
29362
29387
29343
29303
29357
29587
29159
29537
29665
29560
29104
29225
29337
29636
29279
29761
29118
29100
29699
29471
29545
29374
29351
29517
29200
29518
29362
29513
29232
29570
29420
29475
29399
29269
29601
29282
29418
29426
29655
29428
29187
29396
29333
29524
29536
29312
29487
29473
29386
29163
29411
29612
29396
29438
29300
29353
29414
29645
29504
29144
29336
29346
29227
29406
29423
29280
29518
29616
29493
29268
29602
29549
29237
29188
29346
29531
29426
29005
29453
29618
29632
29382
29259
29612
29357
29485
29558
29368
29478
29202
29559
29552
29460
29564
29781
29133
29499
29312
29337
29306
29639
29551
29171
29451
29644
29224
29776
29510
29449
29782
29451
29236
29323
29296
29651
29228
29407
29660
29520
29301
29260
29572
29744
29382
29509
29099
29254
29745
29608
29606
29428
29652
29544
29640
29939
29628
29675
29714
29576
29412
29591
29449
29599
29675
29346
29470
29522
29573
29656
29404
29583
29504
29584
29448
29787
29654
29537
29515
29376
29683
29488
29680
29519
29598
29485
29630
29568
29497
29615
29478
29127
29670
29085
29219
29437
29536
29404
29523
29692
29436
29654
29579
29539
29540
29399
29664
29641
29294
29703
29432
29633
29450
29369
29614
29659
29544
29278
29551
29466
29549
29435
29566
29538
29816
29226
29563
29411
29662
29389
29375
29381
29500
29627
29826
29975
29462
29749
29501
29788
29610
29547
29662
29633
29505
29370
29647
29760
29608
29540
29501
29613
29451
29711
29436
29475
29571
29443
29411
29634
29755
29429
29266
29501
29701
29613
29673
29919
29310
29775
29696
29606
29375
29388
29349
29417
29830
29654
29636
29399
29694
29494
29759
29602
29754
29797
29842
29533
29387
29578
29580
29483
29623
29627
29863
29627
29807
29470
29679
29643
29192
29420
29528
29448
29589
29618
29535
29661
29122
29962
29728
29619
29641
29782
29770
29648
29732
29767
29510
29779
29494
29853
29819
29864
29419
29607
29441
29647
29474
29863
29762
29408
29599
29794
29553
29686
29796
29797
29921
29851
29332
29649
29361
29743
29396
29663
29714
29288
29759
29509
29517
29611
29937
30053
29626
29602
29575
29858
29702
29472
29985
29382
29471
29771
29857
29827
29595
29590
29687
29604
29770
29690
29521
29369
29748
29524
29525
29763
29584
29800
29711
29581
29705
29755
29234
29819
30047
29627
29542
29619
29647
29505
29801
29774
30061
29673
29672
29753
29704
29559
29503
29393
29748
29801
29323
29764
29333
29476
29743
29685
29901
29656
29371
29635
29694
29461
29728
29615
29357
29565
29454
29456
29526
29559
29681
29760
29457
29444
29464
29306
29832
29706
29483
29518
29622
29647
29809
29636
29355
29569
29524
29453
29958
29694
29360
29472
29757
29241
29697
29560
29609
29792
29602
29946
29591
29578
29503
29820
29757
29385
29638
29583
29817
29216
29754
29686
29659
29590
29455
29643
29599
29485
29258
29299
29660
29775
29686
29818
29585
29532
29598
29518
29293
29897
29189
29700
29622
29684
29589
29290
29728
29578
29341
29326
29650
29887
29534
29424
29484
29333
29452
29800
29758
29814
29476
29226
29583
29333
29622
29475
29505
29596
29527
29392
29298
29412
29381
29434
29707
29359
29969
29503
29300
29474
29509
29328
29553
29442
29571
29692
29214
29190
29280
29666
29634
29523
29493
29675
29605
29522
29304
29558
29396
29578
29291
29286
29216
29360
29321
29550
29461
29162
29527
29450
29658
29473
29325
29502
29210
29723
29234
29357
29129
29570
29403
29372
29245
29766
29155
29175
29619
29362
29208
29479
29480
29431
29574
29379
29475
29062
29335
29264
29446
29393
29363
29261
29351
29661
29298
29531
29527
29788
29300
29557
29272
29507
29239
29646
29364
29253
29366
29306
29409
29171
29267
29488
29306
29473
29281
29320
29346
29116
29691
29509
29499
29350
29623
29242
29522
29329
29263
29385
29271
29304
29068
29150
29446
29304
29241
29162
29264
29202
29614
29165
29588
29193
29080
29541
29132
29208
29093
29082
28978
29167
29401
29190
29220
29418
29446
29300
29230
29327
29559
29211
29529
29257
29359
29050
29550
29249
29174
29101
29124
29418
29211
29375
29602
29422
29457
28868
29318
29274
29557
29465
29221
29298
29467
29473
29212
29278
29603
29244
29204
29277
29276
29385
29211
29335
29186
29795
29531
29074
29228
29492
29454
29352
29157
29322
29043
29457
29315
29227
29247
29403
29116
29376
29441
29363
29373
29166
29132
29265
29366
29411
29070
29166
29232
29030
29243
28999
29199
29064
29337
29333
29063
28932
28948
29566
29341
29303
29007
29157
29218
28956
29145
28987
29496
29113
29056
29418
29466
28969
29214
28975
29253
29243
29168
28978
29429
29185
29120
29002
29169
29321
29395
29353
29228
29090
29334
29089
29072
29121
29130
29273
29188
28939
29092
29040
29171
28919
29281
29344
28856
29359
29608
28869
29243
29226
29223
29155
29443
29114
29366
29072
29225
29088
28782
29049
29275
29189
29060
29026
29271
29176
29176
29189
29166
29050
29175
29180
29041
28992
28987
28855
29208
29327
29091
28955
29302
29214
29084
29384
29500
29072
29155
29336
29009
29357
29300
28919
29361
28749
29240
29202
29214
29368
29068
29332
29120
28773
29179
29167
29211
29144
29010
28812
29085
29107
29041
29170
29277
28857
28922
28729
29143
29027
29238
29352
29095
29032
29022
29097
29139
29153
29165
29003
29310
29093
29007
29007
28889
29078
29350
28776
29159
29016
29186
29240
29341
29160
29384
28973
29111
29110
29242
28954
29149
29318
28971
29302
29268
29155
29176
29006
28928
29185
29287
28898
28848
29305
29173
29006
29338
29160
28916
29094
29242
28990
28770
29368
29225
29172
29026
29224
28734
28975
29088
29116
29021
29020
29434
29303
29005
29141
29041
29278
29186
29405
28963
29113
28774
28918
29146
29078
28985
29041
29353
28811
28999
29429
29202
28995
29417
28941
29110
28968
28958
29233
29249
29252
28928
29150
29196
28965
29044
28906
28849
29053
29128
28894
29054
28940
29071
28930
29185
29312
28860
28888
29261
29139
29259
29237
29186
29301
29204
29049
29122
29039
29045
28992
29235
29048
29463
29114
29295
29072
29108
29197
29115
29227
29521
29173
28994
29151
28951
29246
29075
28823
29187
29367
29095
29176
29260
29343
29194
29162
28906
29228
28979
28933
29155
28993
29384
29358
28750
28983
29404
29232
29055
29259
29202
29469
29112
28841
29046
29112
29203
29063
29033
29074
29233
29134
29123
29177
28960
29484
186319
186291
185761
186423
185948
185841
186259
186535
186480
185925
186009
186438
186006
186598
186332
185353
186605
185733
186092
186842
186476
186767
186409
185524
186339
185787
186068
186323
186442
185715
186177
185841
185357
185680
185313
185612
185722
185908
186227
186058
186206
185689
186220
186996
186393
185827
186172
185529
185748
185922
186111
185437
185458
185413
186192
184907
186391
186512
186205
185418
186756
185865
185458
185942
186253
185717
186835
185800
185518
186988
185384
186292
186212
186063
186727
186169
186847
186442
185683
186898
186383
186054
186400
185197
186349
185874
186683
186261
185656
185642
186660
186594
186048
185257
186559
186171
186194
187413
186789
186225
186650
186367
187151
186531
186256
186320
186882
186641
186744
185921
186673
185869
186114
186853
186023
186854
185836
186165
187251
186240
186371
186910
185816
185722
186590
185939
186149
188540
