517224
518856
517674
518225
517108
518824
517263
518839
520199
517006
519016
518613
517689
518408
518669
518452
517947
517708
517768
517985
517828
519163
517740
518318
519357
518852
517971
518390
519297
518942
517759
519609
519715
518540
519389
518608
519244
518966
519002
518464
520074
518245
518259
519311
519663
519161
519903
518831
519818
520341
518502
519789
519777
520360
518700
518047
518972
520176
518469
518791
521169
518756
519615
519108
519885
520304
519613
519610
518964
519889
518229
519176
519156
519493
518330
519271
519945
518880
519572
520407
519609
519170
520381
521601
519770
520488
519941
519571
520452
519885
519773
520047
520262
519300
519209
520585
518818
519905
522023
519371
519587
520742
519526
519501
519154
519966
521173
519602
519861
519567
520357
519701
521866
519943
519420
519541
521256
520351
520400
520969
520938
522472
520891
520919
519942
521365
520363
521644
521750
520542
520662
521652
520358
521783
520373
519931
520133
521675
522328
521427
521081
520710
522484
522415
521497
521313
521879
520359
521061
520612
521266
521796
521283
521920
521302
521980
520781
521594
520603
520261
520982
521462
520595
521235
521608
521709
521317
522304
521062
520365
522485
521492
521732
521197
521801
521382
522487
521585
520835
521319
521104
520447
521045
521264
519881
518738
518487
519578
520149
521384
521011
523005
520486
521798
521588
522779
522335
522927
521077
521216
522290
521890
522308
521811
521889
521843
522263
520479
522264
521772
522807
521490
523701
521097
519968
520117
519542
521359
522141
523577
523227
522654
522432
522261
522233
522409
522337
521999
521727
522188
521774
523284
523264
522792
522755
523379
523328
523450
522350
522147
522611
524166
522322
522492
520411
521335
522143
523398
522183
519907
522669
523095
521564
524236
523312
521734
523149
523917
522720
523683
523645
523372
523306
522758
521620
522554
522268
522062
521194
520907
523861
523923
523805
522264
522626
523300
523206
524119
523830
523562
522482
521568
522922
522357
523669
522748
523610
523924
522821
522796
523401
522263
522688
523798
522447
522303
521696
520903
521733
523225
523987
523871
523592
522679
522870
523695
525075
522403
524585
524030
523313
525305
523744
523772
524008
523917
522859
523707
523761
522911
524804
525451
522781
523143
522306
521284
519542
522598
522788
523813
523525
524577
524864
523696
524010
523038
522993
523413
522961
522904
524053
523354
525465
523874
524043
524317
522569
522808
522669
523917
522978
524348
523277
523965
523568
525716
523246
524004
523520
524144
524869
524935
523693
523720
524928
523703
525551
524014
523257
524658
525512
523104
524525
523835
523754
525385
523286
524452
523762
523577
524614
524670
524487
524097
524679
523949
525434
523945
524304
524806
523621
523587
524204
523218
523657
524010
523903
524092
523174
523433
524647
524076
523600
525033
523855
524561
524361
524469
524770
523893
523589
523942
523531
525115
524661
523137
523803
523881
523431
524020
524776
525082
523281
523774
523760
523951
523927
524085
523933
524945
524300
522839
524044
523164
523321
524483
522898
523212
524735
523500
522560
524303
523454
523674
522618
524134
525902
525428
523174
525351
522664
524390
523020
524070
523818
523819
523883
523807
522766
526126
524390
523783
524149
523860
523199
523027
522724
524653
524177
523757
523616
523532
523563
523817
523652
523865
523605
524032
523374
523745
523560
524521
523348
524529
522681
523483
523909
523282
524740
523758
524115
522503
523630
524223
523064
524495
523321
523726
522823
523750
523213
523787
523678
523140
524012
523406
523844
522781
523532
523154
524273
518122
521361
520882
521337
521787
520931
520266
519923
520492
520380
519947
520634
520175
521269
521189
520652
520337
520669
520114
521198
520982
520738
519301
519060
521199
519873
519526
520446
519958
520199
520238
521519
521647
521497
521153
520977
519676
519369
521157
520897
520481
520247
520130
520429
520784
521613
519643
519712
521346
519548
519905
520510
519914
521808
519860
521432
520938
520339
519716
520076
520177
520910
520144
518985
520676
520574
520254
519148
519342
519984
519943
518877
521051
519843
520243
520071
520895
520222
520641
519388
520058
519687
519381
520951
519366
520331
519890
520880
519522
519392
518956
519731
519507
520315
519484
518996
519353
519304
519698
519471
519986
519084
519146
519187
520054
518382
519330
519156
520941
520076
519447
518709
518602
519135
518379
517991
519069
519742
519735
519222
519278
519250
517785
518863
519320
518378
519223
518452
519028
517698
518072
519009
517374
518996
519694
519027
518152
518798
518144
518766
518817
519244
517626
519723
518605
520337
517200
519342
517681
517505
517398
517401
518574
518916
516786
519161
516930
518339
517586
517808
518497
519053
517927
518025
517726
518240
517107
518462
517306
518351
516962
518157
518366
515792
517795
516370
518231
517871
516758
515004
515347
513532
514754
515997
515873
516253
516510
517154
517094
517448
517090
516559
516730
516860
516180
518489
516554
518512
516421
516694
516858
517746
516894
517022
516964
515748
516669
516606
515510
516601
515586
515843
515381
515471
515670
516257
517007
516369
516733
517434
517060
515346
517919
517637
515636
516621
515867
516745
516229
516379
517441
516723
515678
517381
516216
516747
516428
516624
515950
516272
515750
515539
515021
516518
515766
517664
516629
515402
514895
517311
516194
515535
515057
515879
515984
516093
516430
515823
514870
515427
515948
516238
514661
515816
515290
514438
515004
515276
515513
516096
515050
514565
514791
516272
514692
516572
515362
515765
515322
515659
516023
515825
515579
515463
514920
515367
516524
516655
515511
516815
515744
515635
514948
513401
512787
513603
513752
515020
514413
515426
515089
513988
516130
514369
515144
515141
515429
515317
514203
516074
516409
514367
514782
514661
513800
513766
516118
514966
514109
515191
514724
515664
513556
513519
511884
512030
513020
514137
513576
513753
513752
513817
515257
514230
515031
514543
514248
514978
514508
514556
514407
514883
514425
515651
513823
515406
514618
515745
514767
515305
514019
512967
515116
514451
514100
513233
513471
515337
514680
514376
515162
514697
513707
514533
515669
513603
513981
515974
514901
515268
514968
515182
515051
516106
513714
515901
514037
513934
513470
515360
515787
514117
514027
515249
514275
514092
514910
514070
514005
515029
514366
514395
513792
514824
513936
514424
515133
513999
515041
515662
514359
514718
514211
514160
513586
515124
514148
513541
512717
514539
514066
515147
515055
514905
515440
514447
514117
514909
514435
515820
514939
513320
513938
515355
515435
513480
513107
516360
514556
515519
515003
514407
514677
514071
516442
514551
514166
513255
514246
513575
514690
514417
513900
515146
514921
515121
514671
514254
514744
514168
514886
514238
514183
514460
514804
513947
514201
514946
514590
515759
514152
514263
515181
514364
514930
515575
514861
513317
514795
515064
515493
515276
514534
514345
514615
513540
514237
515335
515129
515404
514878
515307
514439
516053
514911
514752
515168
515741
514656
515894
515203
515553
515280
514740
515592
515215
514965
515325
515483
513990
515144
515900
515147
514759
516652
515567
515794
515306
515918
515698
514760
515936
520731
