6939074
6955542
6952606
6952984
6955753
6957789
6954284
6962696
6958143
6960500
6953750
6956752
6960498
6961024
6960128
6957650
6960972
6960985
6963982
6961932
6960838
6961731
6966878
6958997
6961155
6963068
6967507
6960207
6965752
6965615
6965507
6968407
6962695
6970863
6963365
6963635
6962991
6965914
6963841
6963261
6961699
6969008
6971174
6966737
6968865
6962533
6969962
6967425
6964969
6969711
6964862
6970401
6961569
6964743
6968950
6969121
6970004
6976408
6970274
6970955
6972797
6970872
6968053
6969612
6964284
6967939
6966769
6971425
6969317
6966952
6966142
6965963
6969134
6970484
6970876
6970296
6972716
6974059
6967003
6968914
6970240
6973325
6965797
6968799
6968619
6971574
6976245
6976277
6969481
6970793
6970843
6978833
6974717
6973358
6979071
6977311
6971554
6972167
6969301
6973415
6972894
6980722
6968539
6972378
6972943
6971638
6974773
6975028
6975253
6976243
6979277
6977247
6974144
6971672
6975606
6973143
6974831
6979353
6973949
6979898
6975671
6979382
6976571
6979272
6978828
6980987
6979112
6976054
6978587
6979195
6974237
6976746
6980152
6978429
6978840
6977943
6978793
6985524
6978937
6983498
6975164
6983451
6978433
6980701
6983126
6984510
6980282
6981088
6979612
6983785
6982971
6981966
6981413
6983010
6986456
6989725
6985194
6981809
6977033
6982143
6979802
6982045
6979799
6985674
6986547
6985893
6985137
6988582
6983481
6983262
6983542
6987724
6985642
6988090
6976706
6985129
6982095
6984587
6982910
6975907
6974599
6968988
6947638
6922606
6892570
6904186
6934309
6955124
6969148
6978339
6978698
6979466
6976922
6984849
6988444
6985009
6981871
6987102
6991889
6990879
6987050
6987214
6990364
6988475
6987816
6991986
6984922
6983803
6988020
6982976
6980348
6972941
6954420
6920259
6893130
6910458
6947106
6967212
6978167
6983637
6986666
6987645
6989178
6990015
6988987
6989445
6993763
6995615
6994666
6999666
6993858
6999324
6994288
6993332
6995254
6994642
6993063
6995306
6995553
6993122
6992466
6989272
6980855
6966270
6961404
6974116
6980008
6994484
6991719
6995549
6993992
6999199
6999415
6994613
6998240
6997195
6993834
6994437
6995004
7003073
6996160
6997230
6997578
6995284
6976330
6964887
6968244
6977098
6991231
6994363
6995217
6998488
6996764
7006441
7000230
7000864
7002756
7005548
6999831
7001545
7009136
7004071
7000805
7012085
7009796
7005928
7001595
7001664
6998041
6997698
7001379
6993697
6980546
6970045
6939065
6908274
6923901
6959754
6975689
6995534
6990412
7000634
7001919
7009470
7010127
7007077
7008129
7006896
7004401
7012693
7003369
7003695
7010555
7008571
7009668
7008357
7006019
7004222
7007047
7001400
7000062
6996506
6986651
6967038
6935655
6915600
6945407
6969349
6990757
6998445
6999510
7007732
7002214
7007395
7006320
7016621
7010735
7012294
7009605
7014686
7016192
7018436
7009649
7017709
7010828
7018474
7019130
7017031
7015485
7013186
7019023
7015208
7017762
7012924
7017677
7022387
7019187
7014113
7013721
7022866
7014480
7018612
7017403
7014380
7018831
7016074
7014547
7016911
7019458
7016727
7016038
7019542
7017044
7021139
7013115
7017565
7016659
7019190
7018006
7019216
7019050
7018854
7019939
7024435
7023393
7018073
7023131
7025532
7018694
7018439
7021657
7017629
7021570
7016697
7023557
7022816
7020801
7022023
7022253
7019068
7021902
7021277
7020430
7022822
7021642
7023590
7020481
7023128
7022623
7026113
7014905
7021200
7022719
7025288
7022508
7029598
7018321
7027061
7023131
7023533
7020530
7024805
7025229
7027593
7014976
7024219
7021546
7025418
7025550
7021852
7022384
7020760
7023077
7025930
7024231
7020447
7024199
7027548
7021308
7024855
7021726
7027162
7025020
7020315
7025777
7025967
7024453
7026553
7024035
7021443
7025397
7023423
7027451
7021228
7023740
7024010
7026854
7032545
7030858
7027399
7024901
7026316
7026962
7025269
7028669
7023555
7025870
7029438
7026153
7025383
7028716
7025939
7023671
7024862
7025910
7030071
7027837
7023606
7022192
7026634
7021416
7026607
7022402
7024113
7029909
7025947
7027688
7027341
7025460
7025729
7033023
7025779
7026506
7031635
7030454
7025219
7024114
7029510
7022609
7028451
7026251
7025653
7028467
7030409
7024663
7024168
7027681
7022238
7025844
7028288
7016291
6954937
7009147
7007208
7008777
7005332
7007539
7004206
7007232
7008507
7007749
6998998
7001071
6998334
7002147
7000760
7005303
6996658
7001021
7002167
7002114
6997046
6999662
7002566
6997100
7000573
7000196
6996428
7000517
6997170
6996825
6996494
7001095
7001702
6998895
6998021
6992452
6996735
6996642
6995467
6998132
6996049
6992303
6997962
6997659
6996383
6998845
6996917
6998713
6997650
7000048
6999039
6996862
7000214
6999951
6995973
6995805
6997233
6996271
6995600
6994579
6993593
6997127
6998033
6992171
6997045
6994877
6994866
6998260
6995169
6992515
6995448
6995865
6995984
6997260
6996648
6994237
7002506
6993695
6999760
6998344
6995660
6993381
6988301
6997414
6996521
6995782
6993680
6993655
6995652
6997848
6990616
6998786
6997682
6994798
6988235
6994234
6993856
6992963
6993673
6989916
6991979
6996471
6991669
6988625
6992081
6996435
6987813
6990745
6993564
6994035
6988645
6993732
6990440
6994159
6990722
6992912
6989679
6990901
6990453
6995848
6991410
6992752
6992127
6990088
6984840
6990137
6989852
6991086
6990212
6994041
6989503
6986391
6989772
6986484
6986201
6988234
6985235
6987498
6990688
6984213
6987153
6987417
6988178
6985004
6985820
6984713
6989016
6985245
6986821
6984260
6988937
6983467
6981290
6983384
6986768
6981727
6984460
6985005
6986314
6982506
6980282
6982070
6981609
6979246
6976761
6981792
6980455
6982674
6977129
6977789
6982280
6979996
6977731
6970815
6973936
6966247
6966571
6958755
6939262
6908491
6882055
6898840
6933441
6951822
6962523
6970595
6967249
6971904
6971667
6974032
6969181
6973251
6972805
6973928
6970579
6970824
6970135
6971679
6974243
6972142
6968937
6969451
6967100
6968689
6966837
6964159
6956396
6957033
6936295
6905787
6872582
6873237
6912136
6946093
6952047
6957558
6959769
6963208
6965992
6967031
6965517
6970141
6963894
6969506
6966965
6965767
6968181
6970740
6965795
6965902
6961726
6964308
6964038
6963409
6961751
6968643
6962807
6960842
6954773
6944503
6935236
6927306
6938564
6953368
6954685
6953989
6961868
6960960
6965981
6959995
6960779
6958579
6964894
6960220
6958018
6959666
6957111
6958598
6958872
6951929
6950593
6946149
6931898
6922248
6926417
6936773
6952913
6955337
6950001
6953570
6954799
6957593
6954339
6957246
6956637
6957136
6952203
6956621
6955078
6956496
6951638
6951428
6952318
6954320
6948528
6953277
6948844
6952720
6942960
6945917
6934967
6922716
6897919
6855681
6853402
6893515
6914370
6927652
6935551
6946343
6940283
6947134
6950420
6951615
6943412
6943708
6947450
6945527
6951498
6948005
6949895
6946251
6946703
6950552
6945838
6945869
6943407
6942716
6941302
6939044
6931762
6920570
6895906
6859050
6849457
6879058
6910813
6927437
6928271
6939281
6936789
6944906
6943496
6939542
6945923
6943929
6940720
6944599
6938024
6943928
6940209
6941769
6936731
6942791
6936609
6946132
6945387
6942426
6942538
6943916
6941694
6941777
6946675
6944838
6939307
6944718
6942436
6938826
6940750
6944416
6941201
6941352
6940182
6941559
6938044
6934628
6938243
6940335
6932324
6944856
6936862
6940355
6935734
6936328
6932600
6935395
6939930
6940397
6932512
6941050
6933543
6944114
6936200
6938285
6940146
6938431
6935647
6939683
6932089
6937538
6932351
6934730
6936645
6939290
6935296
6936692
6936353
6935933
6932649
6931907
6933162
6934750
6933156
6935275
6933023
6937240
6932889
6932191
6935261
6932113
6932270
6938288
6931395
6929417
6931959
6934590
6931106
6928661
6927320
6931979
6925368
6935021
6928058
6934500
6931435
6932050
6933712
6929688
6929404
6935357
6928925
6930445
6926613
6925718
6932037
6932569
6927331
6934121
6926612
6932258
6929742
6931110
6927984
6928687
6926798
6927120
6929785
6930560
6929805
6925602
6929329
6928519
6928234
6931122
6926565
6925280
6930407
6928182
6928164
6929071
6925641
6925604
6924858
6927434
6929992
6930222
6927973
6929066
6924029
6930325
6927839
6924105
6925905
6923872
6928211
6924925
6923473
6926620
6927764
6929672
6927616
6928844
6923020
6925527
6922509
6927392
6925027
6926159
6924650
6923007
6924633
6927928
6928855
6924923
6927215
6928735
6923635
6931061
6928001
6930340
6925136
6934020
6924617
6925432
6925893
6925512
6928126
6923366
6930648
6921403
6926011
6913754
7006470
