355794
355903
356402
355429
356461
356820
356462
355195
356267
355669
355313
354836
355685
354671
354450
354961
355483
356039
355393
356209
356561
356673
356269
356557
356150
356566
356478
356552
356937
357356
356538
356567
356479
356496
356283
357157
356285
357006
356001
356966
356952
357194
355890
356461
357057
356083
355875
357220
356938
356559
357053
357673
356810
357437
357165
357201
356337
356914
355213
356382
356259
355273
355743
356574
356508
357001
357446
356593
357874
356676
356901
357237
357359
356731
357268
358444
356745
357739
357164
356622
356664
357404
357330
356140
357088
357102
356370
357240
356640
358152
357511
357052
356781
357703
356183
356150
356407
356418
356822
356930
357167
357369
357936
357461
357449
356665
357286
357757
356923
356498
357615
357089
358692
358551
357268
356620
356653
357083
357848
357542
357530
357993
357676
357004
358282
357614
356982
357811
357077
357606
356758
356726
357630
357296
357111
357616
355995
357302
356453
356579
357001
356283
356055
355282
353876
354576
354851
355269
355973
357774
357978
357397
357429
357409
357942
357554
358511
357533
357890
357255
357876
358103
358312
357860
358013
357716
357746
357573
359220
358022
358683
358028
357969
358242
357754
356652
357542
357582
359011
357556
357514
357264
357244
357365
357772
358463
357213
356593
357215
355678
355123
353952
354685
355375
357190
357857
357081
358594
358102
357523
358452
357862
357438
357936
358443
359073
357975
357126
357351
358072
357708
358821
358849
358281
358440
358291
358296
358709
358581
358713
357705
358575
358858
358491
358518
358660
358352
358446
357460
357875
358711
358720
359015
359542
357814
358334
358525
358784
356910
357212
358995
357989
357193
359458
359428
358693
358978
358682
359230
359562
359122
359187
359095
359361
358412
358798
356995
360374
357788
358261
358939
358866
358512
359014
358265
359178
358506
359438
359009
358532
359083
357982
357093
357536
357979
356807
357381
358979
358216
359064
358145
358904
358602
359084
358387
359575
359558
358202
358711
358648
358856
359293
357543
359136
359113
359189
358298
359772
359056
358673
359461
358255
359014
359203
360104
359372
358550
359524
360356
358718
359442
358910
357872
359152
359126
357839
358578
358273
356589
357232
355572
355361
354923
357666
358288
358387
358528
358907
358962
358429
359195
358684
359107
359074
358529
359887
359432
359246
358252
359671
357682
358656
359556
360921
358691
359336
358730
359212
359094
358476
359122
358949
358884
359609
358338
359779
359215
359779
359819
358537
358462
359379
358740
358598
355948
356798
356206
356324
355836
357465
358557
357961
357815
359930
360184
359258
359480
359196
359233
359192
359447
360785
359554
359487
358932
359570
359552
360214
359475
359700
359688
358609
359148
359436
357917
359680
360072
358683
358634
358718
359775
360148
359872
359872
359036
359221
358181
359824
359059
358556
359169
358835
358779
359043
359115
358098
358276
359579
358865
359454
359953
359700
358928
360050
359717
360195
358606
360044
358514
359568
359285
359129
360394
358632
358819
360040
360249
359295
360160
359901
359671
358825
359960
359866
359565
360261
359263
360846
358925
358931
358945
358548
358556
359298
358906
359717
359745
359117
359919
358852
358698
360049
358800
360704
359048
359348
358759
360322
359411
358996
359247
358990
359462
360180
359494
360159
360862
359698
359174
359435
358479
359594
358879
359418
359562
359800
358554
359116
359185
358832
360079
359998
358886
358948
358060
359050
358196
357835
357146
358054
358756
359404
358415
359523
359206
359296
359516
359481
358822
358849
359373
356040
358283
358422
357642
358614
357415
358146
358065
357169
355443
355917
357288
357643
357544
356674
357867
357696
358660
357319
358512
358861
357911
358159
357369
358651
357960
358109
357548
358996
357850
358569
358337
358312
357911
358120
357711
357688
358367
358527
358147
357705
357863
357913
357878
357198
358902
357491
358816
356761
358193
357572
357558
357003
357515
357868
357404
356868
356491
357191
357091
357138
357704
357530
357202
357376
358139
357658
358116
357562
357106
357497
357845
358277
357076
358082
357761
357350
358049
357350
358240
357708
355566
357915
358101
357567
357338
358780
356909
357501
357804
356160
357594
356665
357352
357649
357255
357134
357258
357339
358044
356711
357337
356701
356694
357199
356891
356833
357278
358345
356798
358332
356926
358046
357560
357762
357992
357117
357520
357339
356864
357239
356766
356387
357942
356544
357665
356977
356402
357273
355161
356225
356997
356655
356288
356684
356725
355973
353911
353987
353743
353753
354321
355063
355239
355703
356887
355653
356774
356504
357156
356813
356802
356739
356065
356746
357381
355935
357406
356792
357731
357252
357458
357674
357393
355944
356681
356237
357260
357955
355915
356087
356992
356691
357504
356308
355546
356417
356380
356088
356671
356546
355632
355114
355258
354112
353932
352268
353085
354148
354619
355663
356702
356813
356075
356320
355681
355345
357140
356259
355854
355944
355980
356423
355777
355418
355132
356415
356234
356444
354833
356634
357003
356835
355651
356293
356402
355516
355842
355421
355440
355273
356315
356142
356601
355298
355676
355316
355375
355438
356538
355148
354983
353596
355586
354137
354096
355999
356595
355078
355288
355946
356849
355112
355495
356646
357441
355875
355621
355549
356683
356319
354925
354962
356156
355006
356145
357010
355897
354865
356018
356926
354974
355670
354951
355647
355100
354793
354704
354230
354505
354086
355168
354912
355327
355087
355575
354921
354852
355433
355531
356950
355691
356343
354971
355922
355189
355544
354812
355751
355739
355632
355376
355362
355885
355930
355348
355930
354953
355001
355261
354959
355590
355404
354436
355050
354771
355746
355477
354769
354675
354402
356017
354816
353814
353942
351678
352861
352195
352165
352494
353702
355103
354608
354953
354911
354314
354084
356038
354755
354463
353867
354724
353787
354250
354358
354977
355297
354874
353871
355062
355771
354807
354327
354955
353644
355869
354922
355057
355336
355115
355968
354787
354219
355184
355012
354848
354477
353804
354498
353567
354250
353209
352365
352037
350765
351736
352380
353746
354068
354068
354407
353924
354088
354652
354288
355125
354282
354586
354298
353674
355579
355046
354496
354088
355000
355987
353658
354709
354705
353913
354126
353213
354560
354829
353499
355116
354896
354185
354827
355093
354678
355401
354921
354372
354402
354770
355199
355945
353776
354600
353140
353150
354158
353884
354435
354572
354728
355185
353775
353929
354985
355046
354842
354312
354851
354862
353742
353872
354227
355078
353352
354935
353505
354939
354917
354994
353938
355208
355433
355410
354385
355260
355032
354445
354758
353341
354230
354152
353492
353943
355798
353827
353973
355758
354291
354010
354057
354268
354924
356080
354924
354761
354311
354071
354214
354173
354928
353526
353692
354739
354764
354876
353681
355082
354018
353952
355064
355269
354251
355420
353964
353579
354023
354748
354679
355626
355062
354937
355523
355784
354422
353589
353388
353247
352525
354144
354203
354604
353870
354224
354620
354410
354971
355220
354622
354823
354550
355133
354277
354136
355440
354894
357512
