67939
68204
68687
68222
67780
68202
67815
68277
67611
67869
68236
67866
68465
68253
67559
68430
68131
68315
67882
68034
68260
68152
67951
67871
67771
68308
67913
67789
68136
68451
68253
68315
68127
68011
68435
68815
68001
67930
68353
68253
68548
67780
68427
68155
68525
67773
67985
67933
68587
67965
68069
68366
68109
67793
68097
68329
67895
68072
67761
68294
68491
68033
68441
68052
67965
67938
68359
68452
67641
68104
67859
68071
68465
68092
68270
68410
68120
68362
67561
67974
67755
67720
68641
67993
68383
68393
68425
68306
68257
67882
68308
68664
67981
67908
68157
68115
68367
68209
67940
68643
67977
68100
68237
68120
68497
68324
68303
68253
68106
68240
68403
68215
68625
68210
68882
68177
68501
68910
68223
68464
68140
68475
68525
68476
68062
68329
68785
68380
68286
68105
68409
68504
67802
68228
68685
68532
68326
67819
68359
68471
67985
68381
68571
68579
68659
68208
68127
68826
68600
68133
68856
67832
68280
68168
68646
67918
68522
68181
68573
68560
68504
68273
68306
68254
68605
67987
68775
68220
67843
67992
68029
67945
68328
68450
67836
68631
68247
68586
68144
68309
68737
68640
68727
68042
67784
67874
68412
68406
68343
68281
68183
68665
68715
68480
68557
68353
68202
67893
68971
68772
68745
68542
68099
68311
68434
68497
68097
68390
68095
68234
68463
68616
68155
68421
68667
68971
68645
68929
68509
68318
68701
68379
68513
68604
68656
68861
68766
68556
68259
68478
68407
68710
68890
68710
68686
69222
68278
68058
68505
68470
68479
68328
68309
68989
68604
68810
68906
68770
68331
68695
68507
68515
68396
68669
68042
68528
68188
68726
68507
68886
68091
69005
68831
69105
68709
68500
68676
68590
68506
68909
68876
68194
68499
69224
68638
69141
68712
69425
68738
68040
68292
68802
69033
68927
68852
68736
68656
68843
69255
68953
68820
69028
68630
68423
68980
68611
68904
69000
68627
68855
68722
68621
68852
68572
68807
68885
68622
68787
68417
68851
68637
68807
68363
68673
68770
69118
68894
68582
68710
68901
68426
68526
68500
68284
68395
68414
68984
68137
68749
68626
68912
69068
68296
69015
68706
68323
68456
68747
68824
68829
68850
68809
69004
69192
68909
69148
68661
68996
68472
68985
68824
68579
68915
69037
68582
68836
68923
68227
68925
68718
68319
69108
69023
68438
69172
68681
68584
68641
69116
68891
68878
68741
68927
68667
68606
68595
68589
69087
68733
68828
68919
68687
68280
68453
68622
68433
68680
68659
68492
68551
68822
68728
69092
68902
69069
68772
68686
68667
68183
68462
68686
68733
68616
68485
68482
68557
68280
68701
68766
68707
68606
68140
68430
68773
69105
68974
68408
68413
68645
68442
68803
68779
68562
68782
68758
69030
68406
68607
68818
68435
68832
68712
68794
68752
68496
68493
68546
68532
68277
68961
68811
68909
68386
68540
68428
68945
68796
68718
68819
68893
68638
68652
69002
68759
68921
68999
69002
68751
68514
68702
68991
68331
68691
69156
68900
68696
68660
68160
68774
68582
68899
68510
68232
68789
68643
68769
68315
68792
68850
68570
68364
68396
68258
68353
68743
68542
68794
68595
68603
68868
68491
68753
68756
68974
68621
68017
68618
68925
68573
69023
69472
68566
68532
68961
68193
68368
68161
68540
68493
68789
68118
68061
67733
68309
68209
67975
68247
68221
68392
68275
68349
68118
68203
67719
68471
68636
68070
68157
68056
68379
68326
67938
68091
67924
68372
68325
68092
67717
68717
68300
68301
68276
68190
68466
68239
68124
67943
67930
68131
67926
68152
67982
67600
67862
68110
67896
67794
67755
68086
68407
68175
68080
68382
67955
68460
68254
68190
67957
68118
68111
68185
68443
68002
67691
67915
68700
67780
67929
68178
68156
68478
68477
67939
67650
67961
68200
67695
67820
68020
68377
68301
68166
67585
68214
67978
67620
68050
68210
67941
68054
67917
67636
68245
67783
68018
68062
67946
68372
68176
67984
67784
67663
67882
67769
68099
67994
67727
67917
68154
68049
67793
67749
68090
67954
67941
68236
68235
68001
68146
68217
68067
67846
67404
67973
67870
67673
68087
68174
67638
67893
68098
67950
67823
67691
67748
68089
67888
67899
67891
68040
67733
68285
68032
68302
67742
67815
68310
67954
67674
67736
68096
67853
68204
68152
67557
67521
67761
67517
67719
67809
67790
67341
67930
68121
67568
67798
67570
67590
67749
67845
67592
67541
67234
67860
67920
67174
68205
67914
67773
67615
67864
68146
68351
67934
67943
67994
68116
67696
67672
67733
67870
67775
67876
67716
67519
67673
67973
67965
67415
67988
68134
67090
67997
67742
67921
67827
67729
67990
67636
67885
67963
67182
67700
67701
67800
67555
67485
68155
67810
67749
67983
68223
67110
67765
67708
67897
67779
67802
67151
67713
67478
67924
67566
67125
67623
67789
67550
67510
67917
67434
68040
67645
67765
67350
67630
67815
67419
67827
67637
67896
67583
66920
67699
67640
66874
67653
67618
67692
67154
67498
67564
67611
67414
67895
67624
67708
67818
67599
67784
67223
67899
67654
67827
67570
67837
67477
68045
68381
67765
67464
68197
66850
67214
67631
67504
67291
67530
67648
67587
67477
67593
67280
67937
67544
67698
67222
67113
67414
67795
67251
67507
67634
67760
67550
67613
67230
67477
67612
67503
67415
67944
67345
67815
67634
67702
67369
67218
67285
67374
67792
67760
67334
67711
66993
67237
67085
67795
67486
67372
67704
67503
67874
67724
67545
67658
67731
66746
67579
67710
67259
67406
67377
67679
67278
67471
67048
67303
67680
67292
67437
67508
67492
67439
67710
67141
67357
67561
67365
67215
67071
67275
68001
67478
66971
67812
67184
68293
67271
67205
67123
67458
67796
67281
67715
67750
67219
67409
67399
67260
67533
67572
67611
67452
67456
67782
67263
67168
67196
67166
67456
67522
67602
67875
67730
67542
67666
67356
67807
67449
67393
68109
67568
67799
67464
67536
67220
67151
67234
67551
67482
67484
67585
67162
67625
67441
67629
67389
67327
67714
67887
67846
67690
67542
67779
67257
67414
67632
67736
67455
67589
67158
67142
67825
67290
67229
67280
67775
67596
67476
67860
67253
67692
67269
67075
67383
67216
67155
67603
67317
67700
67233
67768
67778
67901
67596
67516
67324
67157
67620
67592
67905
67545
67967
67594
67600
68068
67898
67716
67601
67370
67706
67619
67002
68003
67586
67198
67709
67118
67747
67877
67666
67582
67392
67259
67905
67657
67240
67646
67853
67392
67560
67739
67523
67256
67593
67735
67567
67614
67598
67442
67776
67597
67837
67372
67156
68070
67902
67721
67159
67367
67763
67561
67395
68183
