292775
294116
295135
293580
293476
294864
294972
294625
293694
293840
293461
295384
295006
294904
294666
294613
295183
294980
293924
294909
293910
294962
293770
294126
294557
295699
295018
294140
294700
294825
294968
295094
294289
294520
295080
294249
295494
295474
294707
294398
294733
294579
294827
295232
294686
294557
294379
294786
295415
294745
295204
294821
294340
295163
295505
296007
294454
294713
295079
295205
295064
295711
294709
296001
293944
295032
295079
294614
294879
295111
295555
295051
295507
294899
294256
295419
294858
295891
295121
296393
296218
294843
296103
294543
295427
295728
294906
294358
295170
294592
294605
295995
295643
295352
295229
293881
295365
295353
296492
294471
296458
295930
294624
295288
295240
295640
294472
295958
296003
295314
296130
295823
295786
295378
295248
295234
295584
295109
296404
295572
296114
294828
295910
295653
294902
295807
295741
295948
295601
295406
295038
295896
295193
295776
294102
295154
294874
294180
294729
293485
293039
293259
291702
290268
289495
289947
290630
292351
293081
293628
294986
294583
295504
295409
295387
295189
295729
295763
296242
296260
295661
296066
295691
295885
295715
295125
295678
295766
295864
295371
295743
296044
295849
296218
296402
295446
296754
296688
295519
295506
296450
295794
296235
296612
296001
296311
295123
295008
294486
293658
293234
292096
293081
293808
294147
295726
294051
295541
295435
296256
297140
296181
296416
296641
295913
297303
297731
296137
296199
296212
295915
295442
296633
296623
296498
296104
296111
296248
296632
296404
297497
296439
296292
295583
297449
295952
297149
296062
295716
297047
295558
295671
295846
296598
294708
295942
294760
293657
293714
292548
294051
294854
294479
295445
296059
295453
296577
295826
297342
296571
296980
296673
296441
297104
296655
297358
296574
296856
297147
297007
297394
296237
297550
296541
297141
297651
296275
295289
295553
296216
295508
294140
294057
294205
294711
294956
295449
296311
296597
298180
297795
296028
296505
296187
295978
297217
298082
295736
296959
297357
296815
298389
296773
296755
298239
296462
296495
296644
297926
296548
297661
297235
297586
296425
296673
296504
297985
298336
296620
298251
296429
297027
295876
297409
296069
296954
296395
295604
295274
293522
293256
293661
294623
295835
295703
296146
297037
295990
296900
297269
297448
296567
297426
297428
297581
296554
297006
298065
297449
297419
296696
296884
296410
298263
297275
296671
297429
295649
297448
297913
296808
297285
297425
298094
296960
297462
297848
297138
295276
296130
296274
296111
295735
295738
294308
293004
291849
291082
291735
292380
294249
294862
295823
295724
296228
296905
296503
298309
296963
296447
297684
296578
296590
297581
298834
297837
297115
297952
297444
298184
297531
297150
297089
298199
297804
297788
297009
297190
297136
297194
297175
297701
297703
298189
298160
298380
297308
297939
297297
297010
297457
297850
298298
298159
297880
297970
297406
298827
297965
297514
296637
297897
297793
297960
297133
298325
298813
297954
297490
297938
296961
297453
296264
297179
297191
297496
296782
298962
297587
297735
297034
296471
298203
298411
297771
297888
297188
297271
298574
297124
297883
297413
297504
297499
296990
297572
297975
297083
297487
298468
297787
297055
297622
298357
297230
297734
297212
297686
297379
297823
297575
298497
297662
296871
298190
297406
296629
297888
296643
296606
297582
295955
298018
297513
296321
298356
297816
297191
297951
297016
298555
296573
297979
297839
297053
298034
296788
296825
298314
297177
297278
296724
296978
297680
295905
297100
296516
296917
296691
297758
297120
294108
295823
296184
297044
296041
295197
295530
296283
295769
295818
296165
296611
295974
297148
295521
296682
295120
296047
296420
296530
296535
296328
295628
295795
297104
295789
296882
296770
296470
296072
295638
295562
295770
295240
295637
295841
295970
295580
296011
294982
294993
295557
297004
295892
295182
296640
296083
296609
295764
295603
296482
295914
295576
295729
295763
296581
295198
295128
295942
296241
296615
295032
295761
295291
295940
295652
295980
295451
294575
295138
295582
295053
296233
295249
296001
296017
295526
295529
295112
296236
295648
295229
295233
295231
295304
295057
295660
295817
295225
295128
294771
295066
295657
294024
295003
295719
296207
295306
294427
296449
295932
295392
295384
294358
294945
294773
295050
294644
295570
295661
294974
294221
294611
294180
294714
295558
294842
295379
294727
295101
294351
294310
294116
294494
294379
294767
294961
294213
294821
294664
294955
293641
293981
294329
292971
290966
290809
289497
288861
289041
289547
291588
290690
293004
293300
293808
293750
294216
294393
293953
294541
294281
293916
293949
294869
294164
295695
294017
294873
294643
294201
293593
294707
294492
294454
294223
294401
295424
293708
294678
294438
293732
294501
294651
294567
294383
293674
294566
292729
293360
295070
294080
293025
292257
291517
290106
291387
290778
292113
292971
292944
293332
293604
293560
293628
293976
293828
294034
293941
293109
293951
293715
294241
295312
294218
294344
293510
293322
293751
293917
294058
293337
294831
293782
294720
294529
293276
294833
293640
293416
294176
293393
293189
293990
293294
293350
293283
293085
293158
292919
292275
291623
290888
291198
290954
291568
291868
292702
292303
293911
293596
293733
292929
293755
293143
293979
294087
292718
293464
293281
293421
293526
292377
292894
292687
293100
292997
292999
292705
292613
292675
292713
293076
292679
293045
291892
292400
291263
290031
290801
291673
290624
292184
292041
292259
291733
292223
292501
292653
292752
292804
293522
293872
292053
293097
292318
293719
292418
292149
293228
292241
294352
292968
293072
292980
293295
293062
292594
292934
292933
292687
292011
293600
291828
293573
292671
293626
293615
293117
292282
292697
291703
291973
291507
290791
290415
288649
288948
289809
290836
291281
291118
291467
292508
292473
292619
293069
292613
292568
293000
292076
291621
292982
292075
293023
293102
293206
292491
292409
293467
293205
292623
292631
293018
292611
291972
291930
291396
292721
292353
292291
291738
292794
291901
292683
291957
291558
291985
291087
290708
290855
289592
287654
287320
286032
287290
287819
289157
289652
291538
291464
292184
291544
291689
292839
292804
291700
292556
292023
292368
292267
292652
292801
291801
292517
292045
292225
292314
292092
292032
292383
292373
292427
291111
291324
292826
291702
291424
293033
292406
292318
291899
293058
291979
292829
293086
292725
293389
293664
291010
293123
293411
292504
292321
293067
292388
292507
292878
292534
292624
292290
291901
293334
293080
291632
293307
291729
292513
293079
292911
292467
292641
291994
291889
293582
293288
292859
292453
292059
292063
293042
292673
293015
292640
292804
291828
293224
292257
292133
293022
292322
292687
292384
293016
292170
292269
293129
292208
292950
291546
292845
292348
292179
292146
293435
292934
292403
291822
292742
292717
292755
292897
292708
292221
291999
291825
293007
292419
291867
292222
292984
293014
291833
292734
292070
293243
293164
292327
292269
293458
292108
292142
292399
292703
292733
293714
292589
293285
291490
293404
292505
292129
293424
292396
292328
292248
293719
292466
292996
292538
293192
292698
295985
