90469
90851
91093
90760
90952
90863
91135
91664
91000
91132
90783
91261
91032
91286
91326
91056
91388
91169
91126
91045
91026
91339
91147
91007
90875
91417
91333
90547
91537
91303
91076
91106
91063
90630
90803
91024
91106
90760
91279
91499
91024
91859
90975
91220
91585
90924
91418
91290
91209
90492
90822
91018
91022
91223
91044
91231
91083
91266
91510
90857
90923
91191
91304
91565
91463
91093
90710
91275
91476
91295
91343
91262
91417
91717
91248
91810
90356
91466
91425
92067
91394
91047
90447
91628
90837
91400
90836
90826
91229
91547
91671
91623
91466
91481
90874
91161
91191
91538
91512
91584
91034
91058
91217
90674
91483
91321
91326
91098
91154
90893
91329
91244
91183
91487
91029
91481
91027
91999
91046
91684
91801
90774
91381
91427
91119
91389
90880
91257
90961
90981
91166
91191
91498
91303
91575
91798
90890
90892
90707
90686
90778
90962
90191
89776
89323
89250
89372
89560
90416
90640
91353
91083
91534
91050
90761
91292
91130
91407
91395
91093
91138
91316
91044
90844
91111
90834
91638
91077
91118
91249
91550
90971
91303
91284
91713
91585
91180
91360
91408
91770
91132
91481
91574
91043
91517
91623
91780
91363
91065
91575
91110
90216
90057
90507
90449
90744
91314
91235
91255
91046
91518
91552
91533
91899
91188
91284
91560
91339
91673
91562
91971
91436
90960
91362
91415
91283
91282
91868
91297
92270
92248
91906
91824
91630
92403
91717
91696
91619
90702
91660
90885
91688
91242
91551
91073
91813
90705
90652
90865
90995
90402
90387
90960
91504
91367
91299
92095
92156
91231
91690
91658
91600
91548
91610
91415
91451
91008
90936
91298
91634
91490
91718
91708
91540
91678
91760
91600
91355
91260
91107
91601
91550
91139
90658
91564
90900
91406
91839
91837
91939
91929
91178
91364
91682
91239
91975
91923
91799
91621
92301
90745
91576
91805
92296
91290
91419
91489
92189
91790
92197
91650
91926
91466
91725
92258
91417
92092
91214
92134
91422
91099
91942
91613
92419
91935
91703
91361
91187
91529
91133
90536
90658
91099
91063
91115
91516
90999
91455
92104
91468
91609
91350
91617
91175
91849
91967
92068
91767
91992
91466
91937
91762
91950
91625
91491
92158
91999
91646
91724
91972
91211
91650
91224
91236
91651
91490
92305
91695
91468
91689
91224
91416
91155
90732
91277
90297
89818
90097
90312
90816
91337
91356
90814
91296
91362
91924
92103
91608
91971
92423
91546
92322
91546
92326
91581
91444
91563
91260
91808
91749
91773
91856
91650
91661
91693
91938
91808
92221
91590
91924
91886
91600
91640
91413
92270
92037
91409
91466
92074
91692
92126
91871
92313
91597
92261
91939
91696
92080
92095
92297
91711
92502
92459
91693
91620
91593
91506
91580
92085
92030
91961
91579
91766
91532
91240
91770
91664
91586
91616
92114
92470
91053
92014
92326
91801
91373
92240
92239
92188
91741
91869
91134
91389
92274
91626
91724
91690
92061
91879
92172
92078
91615
91471
92093
91639
91464
91664
91610
92082
91587
91919
92247
91490
91911
91302
91785
92059
91943
91977
91920
91645
91040
91566
91915
92109
91591
92414
91814
92169
91958
92581
91456
92125
91468
91912
91320
92174
91632
91336
92124
91731
91993
91972
92136
91578
91785
92142
91922
91593
91928
91302
90992
91949
91580
91370
91365
90993
91747
91443
91226
91821
91442
91229
91534
91729
91231
91406
91218
91836
91672
91436
91642
91774
91817
91475
91017
91345
91286
91592
91869
91407
91587
91529
91830
91364
91323
91593
91569
92093
91477
91639
91176
91067
91405
91691
91552
91384
91320
90748
91753
92208
91505
91768
91576
91407
91569
91056
91303
91699
91509
91298
91114
91235
91565
91215
91433
91339
91453
91129
91553
91543
91410
91857
91324
91072
91064
91162
91514
91110
91175
91377
91574
91226
91407
91506
91530
91517
91066
91303
90764
90346
91246
91477
91497
91258
91221
91437
91486
91642
91238
91214
91715
90989
91338
92441
91365
91422
91148
91118
90978
91377
91206
91289
90969
91106
90900
91194
91172
90946
90829
90892
91012
91329
91034
90869
91397
91090
90909
91608
91109
91740
90533
90825
90395
91233
90634
90692
89682
90394
89414
89107
89517
89833
90581
90577
90893
91075
90832
91077
91362
91133
90977
90992
90693
91089
91135
91031
91336
90622
90285
91140
91021
90888
91149
91130
90716
91274
91594
91264
91068
90962
90651
90855
91548
91026
90986
91195
90870
90862
90811
91213
90223
90633
90809
90688
90304
89562
89738
89946
90154
90112
90533
91352
90879
90461
90958
90563
91295
90840
90504
90602
90982
90543
90777
90877
91179
91100
90915
91068
90779
90445
91435
91002
90886
91360
91299
90794
90690
90364
91096
91131
91089
90634
90922
91033
90700
90835
90689
91189
90524
91208
91173
90401
89897
89999
89690
90784
90562
91291
90765
90246
90561
90758
91029
91073
90841
90702
90850
90848
90542
90998
90217
90910
90840
90649
90399
91388
90757
89985
90705
90552
90801
90488
90772
90734
90889
89825
91044
90190
90346
89628
89581
90315
89958
90297
90791
90750
91240
90343
90573
90550
90800
90859
91157
90304
90423
90478
90394
90865
90926
91136
90483
90774
91093
90495
90780
90515
90726
90474
91062
91095
90974
90568
91558
90768
90486
91008
90924
90750
91125
90668
91028
90924
90445
90349
90289
89351
89376
90190
89980
89625
90185
89883
90220
90576
90681
89921
90794
90492
90661
90539
90766
90525
90962
90333
90968
90468
90946
90320
90709
90499
90985
90555
90849
90605
90724
90570
91067
91332
90623
90933
90072
90406
90319
90995
90613
90331
89956
90174
90764
90113
89777
89444
88515
88900
89184
89608
89490
90010
89841
89726
90309
89750
90363
90884
90183
90385
90706
90331
90525
90670
90504
90384
90358
90497
90454
90425
89455
90228
90600
90267
90248
90396
90671
90806
90331
90372
90495
90785
90700
90349
90133
90289
90663
90040
90491
90551
90337
90581
90893
90134
90252
90628
90665
90178
90889
90898
90937
90928
90316
90643
90489
91267
90685
90789
90566
90890
90594
90302
90597
90849
91013
90326
91157
90591
90549
90486
90444
90757
90976
90204
89861
90573
91605
90109
90486
91294
90930
89940
90449
91130
91024
90796
90366
90309
90739
90552
90531
90178
91497
90493
90632
90373
90705
90390
90840
90783
91012
90771
90583
91124
90059
90127
91316
90959
90405
90523
90639
90190
90427
90107
90630
90860
90674
90202
90495
90763
90341
90441
91122
90478
90462
90456
90743
91234
90461
90683
90136
90284
91091
90959
90291
90448
91008
90540
90694
91066
90742
90790
90052
90450
90363
90546
91494
