611520
612903
611806
611607
611646
612859
612384
612501
613165
612862
613502
613034
613516
612735
613390
614829
612673
613629
612612
612492
613176
612958
612398
613246
611415
612531
614179
613387
613932
613958
614625
613451
612195
612815
612376
613043
612519
613344
612980
612971
613185
614468
614225
613449
612744
613107
612487
614329
614313
613471
613122
614060
614451
613142
612700
613080
614287
614639
613815
614599
612983
614818
613082
613850
615131
615255
614185
614285
612509
612636
613980
613185
612162
612600
613280
612256
612949
612820
613085
614052
614232
614812
614151
615000
613460
612876
613986
614295
614735
613710
614508
615222
615121
613858
614431
615022
615201
612338
613818
613954
613880
616479
614667
613447
613853
613981
614006
613742
615329
614986
614725
615226
614853
615448
614274
614749
615410
614986
613740
614381
615881
615303
614626
613762
614917
613060
615188
615982
613555
615570
615924
614038
613650
615441
614800
615620
613423
615584
616225
615306
615087
615749
615711
616452
616096
615367
616514
615120
615706
616375
615901
615162
614204
615237
615435
614875
614990
615000
615771
616419
615052
615397
617383
615487
615796
616922
617897
616430
616106
617244
615252
616588
615291
615586
616045
617856
617544
615769
616315
618072
616217
615349
615312
616540
615114
612737
614620
615375
616076
616608
617601
615185
617087
616449
616121
614937
615385
616650
617090
617899
617567
618039
616927
616890
616688
617129
616896
615255
617292
616321
617290
617224
616151
614896
614387
613307
613606
615919
618399
617879
617395
618674
616806
616552
617286
618780
616510
618648
617938
617215
616172
616989
617745
616031
617996
617624
618157
616806
617754
617253
616986
617187
619188
616674
617199
616604
617571
617221
617996
619987
617175
618323
616217
616835
617179
618937
617155
619456
618231
618174
618646
617574
617837
618186
618277
617216
618167
617391
617231
618767
618383
617923
617657
618101
617512
618119
617989
618373
618026
618823
617889
618916
618113
617822
618752
618663
619944
619336
618093
618625
619004
619468
619085
619502
616377
617227
616808
615328
617614
616695
618807
619460
618576
619131
619021
620508
618441
619504
619555
617795
619666
618960
618097
619115
619911
620162
618900
618972
619647
618244
618403
618872
617130
617859
617066
616958
615686
615076
617701
617755
618061
619412
619001
619081
619765
618566
619929
618462
618270
618512
617745
619658
620204
619272
619578
620411
619363
618613
618583
617907
617380
619730
618627
620597
618923
618059
619091
617599
618056
620043
618718
618510
619258
619569
619351
618838
619700
620371
619553
619654
618934
619000
619370
619339
619755
620157
620689
620082
619156
619012
619540
620041
620457
618559
620173
619303
617818
620799
620105
620136
620401
619798
620264
620504
618678
619857
620749
619010
619535
619058
620140
620355
618683
619325
619459
619275
618867
618056
618186
617693
617857
617715
619079
619556
618211
619530
618658
620168
620090
619411
619418
619336
619709
618672
621757
618969
619756
620410
620291
619118
618575
620035
618245
618657
620839
620104
619007
619152
616072
616602
617694
618593
618678
618920
619892
618651
618884
618700
620099
620046
619629
619720
619106
617978
618352
619117
618966
618010
618499
618133
619302
620388
619647
620827
618921
619619
618675
618934
619532
619411
619644
618460
618751
619466
619181
620113
618278
619251
620246
619399
620206
619301
619797
619189
618927
619029
618962
620549
619673
618608
618255
619312
617530
618316
618443
619455
619754
619640
619426
619203
618445
617874
620083
620039
618667
618714
617664
618667
618836
617912
619763
612325
615645
615317
615162
617566
616701
616365
615688
615426
617472
615529
615712
616759
615487
615687
616138
616403
616250
615700
615219
614718
615896
615268
616019
616771
616645
614873
617117
615871
616433
615944
616236
616399
615162
615710
615169
613777
615556
615477
614924
615983
615930
615087
616984
614989
616652
615063
615138
615970
616287
616088
615901
615590
614595
615400
616102
615564
614376
615852
615552
615194
614376
614861
613062
613789
612535
613422
612018
614246
613371
614294
615007
614773
613843
615059
614216
614837
614735
615671
615217
613263
615102
616146
614597
614373
613759
615027
615266
615078
613481
615982
613889
613728
613432
613053
614170
614348
612825
613098
614847
614223
615133
614487
614711
612885
613212
614215
613651
613584
615090
613779
613519
614918
613569
614042
613547
613061
613271
613771
613523
613674
613712
615072
612334
613763
612250
614135
612429
612523
612888
612724
613542
612862
613182
614147
614050
614113
613497
613523
612526
612094
613701
613022
611208
612891
614104
613087
611473
613549
612444
612590
612177
612642
612788
611986
612793
612930
612206
613918
612492
612085
613150
612239
610846
612793
613101
612555
611708
612574
612272
612602
613248
612264
612866
612989
613139
611745
613204
611126
610304
608004
607953
609535
609477
609783
611744
611254
611790
612124
610855
611564
611368
613126
610817
612109
611319
611867
612282
611833
609858
610980
611304
613115
611172
611829
611674
610507
610974
609829
609741
607925
608006
608254
609869
610302
610862
611679
611364
611637
609542
611531
610526
611821
612007
611045
610985
610642
611519
611081
609514
611062
609494
610698
610173
611435
609130
611332
610958
610310
611097
609957
609743
609678
608378
610629
609557
610798
610380
608695
609700
609153
609581
610645
612008
609323
610490
609819
608534
610871
609966
610183
609009
609180
610385
607856
610381
609424
610178
610120
610052
609058
608969
609083
609331
608417
610171
609548
609502
610786
609821
609236
610215
609778
608224
608934
609006
610001
609540
609096
608720
609619
610682
607735
607936
607886
604982
606711
609000
608226
609590
609461
609072
609198
610327
609949
608319
608610
610139
608008
609556
609132
607966
609676
608318
608268
609772
608561
608226
608015
609033
608958
608316
608978
607649
606177
604416
603201
606083
607349
608058
607523
608254
608154
608481
609449
608817
609923
608393
608079
608857
607997
607979
607434
608772
609773
607630
608245
608928
609690
608526
607551
608540
608809
609093
608338
607966
607549
608069
608906
608888
608745
607918
607853
608226
607790
608390
607860
608126
608320
608967
607410
607250
608917
607527
608015
608815
609649
606913
606630
608239
607689
607520
608629
607750
606863
609262
608860
609419
607316
607825
607085
607572
607649
606753
608306
609480
607806
607279
608308
608800
609073
608284
607665
609291
608557
608734
608251
607997
605601
607204
608100
608289
608126
609049
608399
607563
608859
606841
607287
608931
606970
608652
608233
606852
606419
607853
606873
606724
607533
607864
607406
608392
607457
608331
608430
607975
607497
607315
605411
605820
606678
607837
607670
608847
607617
607952
607217
608091
606831
608598
608080
607777
607677
607788
608616
608276
608968
607772
609991
609021
607232
608137
609181
609062
609065
609961
609519
609099
607788
607550
607802
608304
607636
608389
608305
608026
609304
607774
610040
607109
607736
609091
609836
608327
609530
608540
609453
609254
609430
608389
609803
608853
609390
609038
608890
609610
607917
608472
609081
610569
608433
608850
608691
608807
608329
608172
609286
609118
608564
609804
608166
608575
616087
