350820
350464
350551
352681
351436
351526
350703
351910
352056
351572
352133
352106
350288
351416
352026
352073
351336
351588
351824
351746
352318
352197
351445
352014
351760
351626
352257
352788
351941
351519
350932
352358
351174
352480
351124
352086
353814
351333
351365
351480
351747
350739
352124
352355
351338
351199
352660
352341
351793
351697
352404
352019
351863
352380
352020
350793
351356
351497
352154
351562
352073
352147
350952
351875
352089
351114
352044
351782
351470
350910
351610
351580
351770
352561
350927
350887
351354
352203
351036
351369
351072
351521
351940
352146
352553
351839
351485
352065
351449
351724
351613
351762
351553
351474
350078
351201
351326
351600
352099
351907
351481
351757
351582
351812
351710
352611
351344
351968
351464
352177
351655
353198
351484
351901
350631
352056
350911
351563
351399
351534
351548
352136
351808
353121
350818
351266
353098
351757
352098
351472
353147
351478
351801
352456
351564
351322
352643
351790
350762
351157
351230
351288
350863
351425
352932
351520
351581
351687
351634
351516
350876
351454
351831
351443
351936
351542
351303
352124
350888
352011
352312
351532
351824
352202
352062
352019
350984
351587
352327
350970
352336
352386
351284
352361
351679
351930
351728
350961
352845
350796
352367
352508
350979
350709
351086
350427
350000
352151
351723
351844
352566
352467
350671
352710
351371
351967
352299
350921
352178
351691
352546
352842
351271
352364
351869
352391
351756
352265
351769
351541
352218
351281
350606
352013
351036
350932
350724
350295
351217
352676
351915
351735
350825
352396
351075
352141
351086
352443
351248
352577
352185
351944
351151
351148
351838
351179
352068
350665
352290
352580
351044
351963
351608
351824
351218
350479
352489
351988
350706
351171
352233
352150
352897
351124
352113
351598
352374
351549
351500
352260
352310
351589
352686
351166
352844
351300
351166
352252
351661
350725
352023
350863
352605
351738
351583
351790
351145
351264
351215
352895
352402
352246
351484
352557
351832
351733
352053
351873
352156
352448
351236
352247
351595
351448
351735
351786
351373
351553
351158
351859
352092
351696
351552
351183
352563
352369
352120
352163
352365
352231
352406
351642
351351
351878
352288
352566
351855
352074
351006
351542
351160
350800
351363
351998
350294
350607
351051
351593
351857
351272
351469
350594
352345
351243
352898
352528
351953
352981
351647
352768
352592
351364
351682
352982
352425
352416
352517
352372
351538
353204
351920
352711
351441
352354
352021
353044
352979
352131
353303
352072
351370
351599
352168
352541
352942
351396
351526
352955
352352
352935
352658
352621
351933
351634
353117
352943
352360
352490
352759
353052
352716
352068
352092
352275
352448
352543
352396
352780
351829
352289
351753
352461
352142
352153
351573
353525
351974
351928
352538
352553
352434
352221
352846
352774
352862
352773
352715
352938
352278
353544
352869
352862
352765
353267
351935
353098
352589
353332
352674
352523
352239
351584
353088
351827
353029
351943
352836
352241
352212
353049
353354
352949
353319
352262
352913
353581
353336
353283
352935
352345
352423
353354
352563
352412
353602
352182
351402
352970
353199
352853
353244
353475
353083
353305
352511
352326
353084
353171
352527
352614
354039
354238
352492
351708
352771
352742
352374
353674
351795
352926
353104
352490
353514
353604
353433
352408
353714
353142
352739
352695
353192
353880
352818
354004
353387
351870
353341
352611
352569
353267
352241
352999
353051
353807
353371
353187
351927
353045
352679
353005
353172
353724
354197
353443
352571
353157
353484
353726
353974
353666
352217
351372
353434
353034
353010
352757
353281
353171
354145
353692
354187
353707
352155
352344
353545
352269
353781
352304
353251
352907
352499
352443
352945
351744
353526
353068
353125
354038
353553
353353
353632
353902
353483
354235
353580
354283
352648
353161
353167
352084
353285
353538
353453
352482
353404
353333
353159
352834
354512
353502
352835
353110
353823
352901
353647
353824
353144
353664
353192
353204
353903
352771
353160
353470
354580
353990
353927
354026
353104
353279
353824
355035
353281
352929
352850
353332
353677
353622
354150
353062
353859
354141
353927
352754
353669
353499
352118
353767
353586
352692
352758
353494
352938
353360
353218
353406
353168
352930
354135
353949
353063
352520
351921
353535
353783
353545
352885
352748
353437
353242
353200
353192
353615
353201
353697
353753
352357
353640
354537
352933
353262
352775
353545
353948
354075
353932
353814
353909
353261
353070
353856
352996
353844
352983
354450
353089
354354
352451
353182
353385
354385
353533
353309
354102
354027
353956
354296
354039
353920
353056
353852
353181
353082
352910
353827
352001
353821
352928
354037
354668
353333
353005
354210
354168
354232
353974
353144
353478
352855
353534
354261
353159
352211
353042
352714
353681
352699
353681
354161
351370
352144
352167
352017
352746
353496
352819
353351
353835
354022
353590
353272
353459
353428
352909
353594
354067
353671
353188
353906
353033
353221
353120
353105
352560
353341
353473
353254
352340
353672
354431
353551
353467
353158
353288
352846
353309
352890
353377
354469
352914
352570
353754
353611
353494
353210
353303
353355
354100
353690
352943
352347
353348
353007
353299
353682
353835
354300
352781
353318
352673
353192
352459
352699
352985
352915
353350
353109
353518
354380
353662
352633
352382
353089
352923
352988
353501
352921
353516
352971
352544
352761
352784
353285
352658
352049
351528
352761
353004
353035
352010
352278
351786
353034
352762
352987
353120
352964
354140
354266
352819
352740
352746
353192
352394
352971
353789
353839
353083
352996
352088
352516
352265
353321
352289
353133
353763
353519
353321
352370
352737
353331
352190
352901
353272
354288
352935
352803
353481
351792
352803
352270
352981
352941
352638
353097
353708
352719
353398
352992
352953
352706
352178
353506
352233
351801
351773
351765
352652
352006
352627
352058
353613
353377
353171
352570
351402
353249
352150
352582
352786
352714
352440
352863
353015
352950
353078
353813
351861
352401
352694
352771
352438
353213
352458
351813
352799
353550
352922
352630
351736
353856
353745
353375
352296
352374
351471
352856
352724
352935
351730
353289
353243
352500
352724
352921
353765
352869
353031
352413
353780
352494
352705
352202
352809
352567
352540
352049
353709
352302
352622
352968
352210
352105
351952
352729
352885
352544
351927
352229
351288
351756
352463
351902
352017
351107
352848
351943
351613
352321
353051
352247
351520
351764
351790
351573
352586
352523
351640
351933
351011
352989
352876
352136
350971
352605
351615
351808
352795
351459
351486
352980
352864
351774
351914
352122
352427
351273
351682
352447
352695
352070
351575
351772
351893
352087
351087
352510
351459
352171
350228
351397
350504
351383
351265
351376
351732
351223
352062
351116
351648
351945
351776
350660
352444
351586
351694
350731
351509
352084
350636
351202
351658
350501
351609
351681
351047
352340
351733
351604
351599
350167
351286
350377
352090
351957
352326
352258
351068
351311
351784
351086
351377
351965
351314
352026
350708
351871
351630
351909
351115
351307
351312
350983
350967
350834
351478
351400
352022
351495
351028
350257
351878
349663
353442
