154105
155430
154499
155245
155076
154999
154050
155245
155072
154697
155003
154344
154799
155514
155043
155441
155110
154683
154871
155160
154822
155361
154959
154351
154651
154909
154621
153887
155119
154854
153740
154786
154251
155466
155087
154910
154396
154483
155388
155659
154984
154946
154897
155248
154894
154962
154998
155812
155478
154673
156113
154723
155291
155166
155206
155047
155571
155425
155268
154825
154808
155094
154852
155271
155307
155497
154708
155575
154604
154617
155468
154718
154511
155050
154890
155074
154759
155239
155154
155628
155003
155408
155325
154971
155234
155460
155008
155395
154767
155637
154918
156276
155708
155196
154587
154929
154829
155569
154946
155080
154748
154775
155503
154860
155292
155573
155679
155137
154762
155131
154673
155394
155168
156036
155329
155235
155759
155651
155344
155020
154640
155778
156010
155640
155215
155786
155598
155184
155795
155149
155625
154786
155763
155719
155321
156563
155824
155787
155322
154749
155699
156052
155473
155631
156237
156196
155972
155192
155774
156027
155722
156261
155483
155478
155336
155055
155139
155431
156285
155798
155230
155637
155846
156233
155475
156209
155122
156071
155640
155925
155713
155751
155585
155909
156052
156153
156136
155753
155943
155917
156834
156232
155978
155075
155781
155613
156165
155715
154613
155774
155305
156689
155726
156181
156717
156370
156124
156441
155847
155388
155997
156121
155671
155999
155748
155652
156601
156150
155556
156432
156010
155035
155140
156670
155672
155890
155857
156840
156334
155929
155744
156189
156014
156428
155599
156076
155160
155942
155764
156577
155574
155458
156238
155709
155723
156274
156554
156294
156444
155606
156114
155783
155774
157392
155715
155557
155711
156284
156118
155845
156211
156297
156445
156219
155958
156425
156071
156401
155844
155570
155845
156926
155892
156312
156334
155917
155997
155740
156161
157032
156131
156676
155850
156390
156416
156843
155990
156574
156209
156976
155474
156377
156189
155744
156257
156848
155995
156234
156260
156113
156813
156253
156623
156739
155322
156634
155545
156772
156515
156165
155773
156086
156680
156863
156738
156235
155557
156603
156567
156954
156352
156396
156257
155570
155499
155670
156205
156282
155872
155920
156371
155526
156584
155994
155930
156553
155989
156363
155699
156577
156410
155859
156048
156005
156114
156140
155816
156137
156826
156244
155999
156287
156205
155940
156322
155923
156177
156297
156168
156171
155855
155878
155767
155919
155802
155867
156740
156270
156098
156821
156609
155989
156710
155718
155775
156337
156313
156191
156800
156618
156397
156762
156658
156361
156878
156418
156069
156749
156668
156425
156937
155730
157157
156823
155797
156887
156304
156658
156938
156436
156340
156129
156798
156435
156442
156792
156582
156462
156167
156126
156278
155804
156135
156322
156434
155606
155907
156542
155353
155704
156647
155696
156002
156531
156451
157153
156211
157281
155802
156545
156428
156429
156980
156723
156474
156178
156403
156348
155897
155459
156630
156174
156467
156543
156651
155942
157275
156784
156358
156559
156765
156739
156314
155814
156823
155895
156385
156258
157058
156483
156496
155971
156050
155984
155910
156567
156520
156587
156321
155742
155855
156176
155893
156194
155641
156184
155888
155560
155933
155647
155763
157138
156253
156333
156763
155790
156403
156142
156198
155746
156425
156426
156523
156006
157743
156262
155694
156180
155506
156602
156400
155951
156333
155711
155655
155673
156678
155820
155307
156080
156452
155734
155620
155898
156022
155727
155908
156228
156210
156168
155829
154842
155204
156495
155509
155595
154956
155693
155872
155411
155461
155463
154888
155342
155068
154758
155137
154691
154932
155148
154824
155407
155365
154683
154844
154752
155265
155339
155388
155820
155723
155280
154326
155081
155343
154577
154967
155104
155182
155207
154574
154899
154311
155473
154884
154178
154926
155603
154918
154524
155812
155070
156115
154273
155006
155450
154537
155072
155632
155227
155202
155398
154455
155451
155012
154414
154932
154677
154175
154917
154707
154766
155203
154361
155400
154713
154380
155094
154499
154428
154749
155082
155113
155151
154127
154521
155253
154067
155434
154556
155298
154725
154482
154986
155436
155137
153992
154716
155073
155311
154726
154808
155353
154541
154685
154842
155238
154991
154647
155015
154372
155108
154630
154810
154506
154351
154513
154833
154466
154456
155508
154492
154776
155137
154288
153953
154939
153773
153844
153596
154652
154553
154098
154292
154497
154575
153994
154068
154754
154097
154594
154189
155046
154305
154044
154043
155229
154264
154287
154385
153891
154411
155316
154043
154256
154661
154156
153868
154169
154323
155031
153713
154932
154825
154984
154184
154149
154203
155101
154482
153730
153635
154120
154231
153775
154386
153756
154174
154326
154019
153497
154117
154208
154478
153931
154529
154529
153984
153960
153936
154513
154756
153687
153696
154471
154020
154545
154367
154325
154117
154310
154850
154196
153518
153633
154429
153826
153861
153316
154320
154167
153713
153895
154070
153785
153682
155074
153977
154147
154369
153638
154542
154529
154388
154762
154114
154189
154009
154087
154434
154394
154137
153655
154621
153758
154396
154811
154373
153039
153656
154257
153502
153743
153682
153730
154799
154644
153901
153768
153908
154071
153462
153951
153695
153822
153761
154820
153497
153730
153768
153743
154633
153240
153350
153853
153627
153460
153280
154295
153858
154341
153842
153398
153739
153675
153924
154715
153899
153529
153916
153700
153153
152965
153553
154411
153663
154308
154253
153866
153812
153799
153443
153496
153447
152907
152848
152958
153547
153722
154019
153234
153303
153182
153493
153288
153993
153405
153305
154013
153550
153993
153295
153415
153756
153686
153601
153943
153150
153569
153955
153247
153260
152564
153376
153968
153116
153773
153106
153710
153761
153912
152744
153465
153454
153860
153426
153538
154254
153097
153871
153399
153296
153364
153202
153248
153208
153308
153489
153532
153694
153535
153079
153017
152827
152898
153910
153544
153763
154285
153592
153233
153464
153278
153338
153325
153305
152805
153330
153287
153293
154143
153191
153601
153829
153889
153581
153262
152863
153392
153422
153332
153119
153646
153732
153408
153832
153666
153758
153216
153663
153350
153088
153557
153793
153948
153227
153279
153659
153085
153804
153890
152704
153828
153324
153509
154193
153895
154128
153412
153306
153597
153280
153722
153597
153607
153192
153336
153181
152799
153021
152844
153280
153269
153761
153515
153325
153741
153340
153475
154257
153956
153598
153600
152962
153323
153312
153506
152903
152856
152941
153445
152280
153722
154308
153629
152801
153763
153498
152772
153207
153636
153334
154243
153045
152972
154178
152722
153622
153648
153481
154159
153704
154188
153984
153135
154006
153779
153480
153628
152968
153577
153132
153810
153645
153392
153344
153825
153791
153392
152544
153838
153587
153546
154280
154003
153608
154061
153718
154331
153820
153579
153965
153913
154108
154306
153379
154021
153185
153625
154020
153480
153850
153666
153392
154522
153443
153754
154045
153326
153073
153667
152988
153624
155566
