1440640
1447036
1448053
1446621
1446378
1448519
1446562
1447655
1445275
1448623
1449874
1448381
1448148
1447418
1449474
1450236
1447283
1449674
1447016
1449765
1446613
1446797
1447421
1453349
1450439
1450032
1449490
1447511
1451004
1451345
1450654
1451718
1451192
1450070
1450294
1451964
1450589
1449405
1452551
1452196
1451433
1451356
1451734
1449808
1453184
1450316
1450955
1452477
1453728
1455252
1452587
1452452
1452911
1452436
1454398
1455773
1453021
1455366
1454122
1455030
1453544
1455388
1454723
1454509
1455326
1454558
1453994
1452439
1453817
1453584
1452735
1448992
1446408
1444910
1445629
1448954
1453217
1454960
1454014
1456224
1458163
1456787
1456428
1457913
1459748
1457036
1460236
1460599
1458124
1459248
1461919
1461047
1458359
1459166
1457934
1458118
1458303
1458132
1458782
1457085
1457015
1456220
1452508
1448255
1448284
1456246
1457741
1458428
1461581
1463143
1459565
1462454
1463754
1460726
1460920
1463799
1463380
1464729
1463266
1464515
1462987
1464966
1464069
1462307
1464665
1462990
1464522
1462605
1464721
1463972
1464948
1464783
1464627
1462665
1461426
1463867
1463802
1464138
1466376
1465596
1465039
1466665
1469254
1467996
1466491
1466887
1467846
1468596
1465782
1468747
1467921
1469627
1466430
1468894
1467004
1465827
1464945
1466908
1467430
1469289
1470502
1468405
1470110
1470746
1467662
1470247
1470925
1471621
1471196
1473579
1468898
1470178
1471253
1469665
1473240
1471774
1469701
1471596
1472624
1474764
1471493
1469506
1469212
1470697
1465572
1465859
1465369
1469664
1467900
1473621
1473797
1472327
1473317
1472543
1472547
1474934
1474727
1475217
1475425
1475563
1474110
1475026
1473847
1476507
1473185
1476586
1476561
1476805
1476243
1475222
1475588
1473569
1473956
1470988
1467728
1466863
1467974
1473754
1473350
1476718
1476272
1477175
1475964
1478799
1477806
1476799
1476265
1479253
1476920
1478345
1476782
1480181
1478913
1478898
1481470
1479375
1481948
1478135
1482460
1479881
1481204
1480339
1481955
1481571
1480481
1480629
1478697
1477758
1479681
1478487
1480721
1481017
1482310
1481240
1482243
1479873
1479467
1479537
1481628
1482041
1482467
1483620
1481714
1482950
1481162
1481357
1480029
1481376
1482409
1483522
1482004
1483869
1483000
1484626
1484770
1485296
1483153
1483865
1481686
1483857
1484368
1484154
1484169
1484547
1484319
1485867
1484595
1486590
1483148
1484618
1484481
1483381
1482344
1482672
1482671
1478504
1478146
1473739
1476719
1480811
1482215
1483969
1487252
1485332
1486854
1486043
1485490
1487597
1485589
1486360
1485641
1486615
1485946
1485542
1486974
1485343
1488419
1486961
1487750
1487692
1486810
1489091
1485105
1486375
1484955
1480164
1479262
1482489
1481004
1484687
1486578
1486242
1486076
1486090
1487964
1488962
1487418
1489898
1488182
1488670
1487823
1488739
1487054
1486842
1488764
1489875
1488120
1488244
1487123
1486689
1488509
1488019
1489077
1487866
1486846
1486550
1484541
1485381
1487981
1487644
1486907
1488871
1488796
1488201
1488184
1488377
1489305
1489022
1485302
1488377
1488070
1489288
1488958
1490249
1489589
1488489
1486646
1487750
1482664
1487032
1486437
1488147
1489590
1489724
1488926
1489503
1490481
1487856
1491650
1489613
1488146
1490737
1487885
1489090
1487323
1487867
1489264
1489096
1489873
1488529
1489234
1488245
1485950
1486544
1486640
1488525
1484038
1480591
1477054
1476819
1479231
1485982
1486047
1488526
1490521
1489361
1488818
1488064
1488149
1491120
1488739
1488605
1487991
1490882
1488832
1488371
1488684
1488458
1486483
1489786
1486833
1487212
1487872
1488489
1487492
1488687
1481170
1479048
1476935
1475728
1483316
1484755
1485721
1486134
1488262
1487383
1487267
1486560
1488234
1488385
1488580
1488999
1486462
1487299
1483312
1487362
1488148
1486108
1487241
1487770
1486518
1485769
1487110
1486298
1487104
1486011
1484029
1484812
1482695
1482349
1483876
1485845
1487403
1485577
1485215
1485917
1485868
1484816
1483967
1485617
1484459
1484926
1485815
1485772
1483825
1485077
1484003
1484074
1484472
1480680
1484320
1478813
1479761
1482891
1483462
1481554
1485012
1484374
1485010
1485392
1482304
1484855
1482758
1484746
1485181
1482183
1482544
1484769
1482430
1483578
1480048
1446536
1469466
1471046
1470431
1469830
1470907
1468847
1471546
1469448
1467508
1468863
1468329
1466584
1465211
1467365
1465503
1465022
1466035
1469103
1467106
1466915
1469743
1468423
1468209
1467817
1467148
1464315
1466337
1466449
1468515
1465729
1468761
1466354
1466740
1464903
1466048
1464332
1463300
1461347
1463014
1465285
1466192
1463779
1465106
1466851
1465789
1465538
1462944
1464619
1463094
1462874
1465218
1463555
1464736
1464636
1465794
1463403
1465257
1463994
1462608
1462480
1463876
1460482
1461204
1460277
1456219
1456973
1447494
1451820
1455785
1455440
1459930
1462676
1461069
1460144
1458862
1461377
1462196
1459813
1462882
1460493
1460188
1458329
1458318
1457750
1458765
1460485
1459395
1457744
1459647
1458376
1457540
1456896
1457272
1455417
1452458
1449821
1444575
1445755
1448493
1452315
1456733
1453477
1455493
1455679
1455340
1457130
1458872
1456117
1456134
1457160
1454627
1456493
1455028
1454135
1455434
1456534
1456731
1454698
1454922
1454354
1454761
1455694
1454060
1450986
1452863
1449798
1449191
1451324
1450294
1449053
1452666
1450899
1451132
1453320
1450256
1451470
1451130
1449839
1451020
1449935
1449503
1451282
1450447
1449095
1450985
1449207
1447730
1446204
1446953
1445933
1443707
1445251
1448844
1448322
1448365
1448406
1448235
1446078
1448208
1447565
1449058
1446422
1447528
1446207
1445837
1447082
1447001
1446682
1445889
1447495
1446387
1442388
1446691
1445369
1445096
1443481
1441585
1441900
1438326
1437253
1434469
1439700
1439034
1442856
1444314
1444478
1444572
1442048
1442528
1442626
1441841
1442651
1441836
1442640
1441712
1440162
1442228
1442695
1440681
1440283
1440823
1439663
1441244
1438738
1441151
1436908
1438599
1435693
1434268
1431732
1426272
1428966
1434324
1437487
1435044
1438252
1439747
1436644
1438778
1438508
1438646
1437248
1439188
1435820
1437236
1438581
1437030
1435711
1436989
1435100
1434119
1435687
1435902
1436017
1436843
1434649
1434365
1434337
1434409
1433641
1434683
1434042
1435715
1435573
1434810
1433758
1434420
1431677
1433519
1433899
1433734
1434271
1435271
1436229
1434050
1431887
1432118
1432479
1432745
1431519
1430160
1431507
1432358
1429905
1431000
1433942
1430064
1432494
1429404
1432426
1431373
1431350
1431357
1429902
1430496
1429001
1431123
1432511
1429014
1430606
1428970
1428239
1430753
1429596
1429744
1430448
1429935
1429158
1429679
1426903
1427991
1426923
1425220
1419819
1417557
1420746
1423763
1424579
1425063
1425642
1426711
1426890
1426624
1427647
1428012
1427285
1428545
1426965
1427583
1426574
1425364
1427176
1428689
1425142
1426404
1426696
1425258
1426087
1425401
1425649
1424257
1423351
1422237
1417568
1418856
1419409
1423234
1422781
1426723
1423157
1424451
1427133
1423464
1425036
1423554
1424750
1424031
1425603
1425622
1423172
1425565
1424391
1426683
1426984
1421304
1425150
1425090
1424332
1424187
1423351
1425811
1424626
1424201
1422248
1420440
1420158
1421545
1421663
1424346
1423361
1425764
1423703
1422615
1422893
1422204
1424372
1424451
1422178
1423933
1423488
1422027
1421578
1422958
1423066
1421680
1421202
1421201
1420671
1420487
1421512
1423242
1424305
1419923
1421738
1425179
1423091
1421696
1422919
1422742
1422457
1423350
1422578
1421878
1422035
1424805
1422732
1422647
1423486
1421336
1421855
1420881
1422775
1420591
1420690
1419658
1418530
1414335
1411808
1411028
1414695
1418383
1420739
1422697
1421412
1423700
1421921
1422483
1425255
1420965
1419769
1424750
1423261
1423881
1422523
1423386
1424342
1422661
1421860
1424249
1423468
1424190
1421274
1423304
1421655
1421417
1417640
1411774
1412432
1414875
1418611
1421750
1422022
1421996
1423736
1424110
1422821
1423782
1424485
1425436
1425183
1423663
1424180
1425378
1424980
1425952
1424949
1425229
1424412
1422991
1426836
1424283
1425889
1424350
1425155
1426659
1423367
1424195
1424178
1422141
1423798
1425919
1426952
1425183
1424922
1426209
1425950
1428298
1425676
1427004
1427415
1426936
1428132
1426254
1425296
1428216
1425778
1428542
1428222
1424933
1424214
1428278
1426389
1428327
1430507
1429291
1429506
1429104
1427706
1428909
1429274
1430607
1431053
1428173
1430465
1429680
1427242
1431860
1430830
1428838
1429670
1431769
1469789
